# 1
b	+5.617	-25.217	+29.015	+60578.000
d	+9.050	-36.295	+10.800	+21286.000
# 15
c	+2.217	+22.255	+15.917	+66426.000
d	-7.050	-45.655	-29.150	+14183.000
# 17
a	+12.430	-13.230	-31.615	+90332.000
d	-3.350	-23.815	-20.950	+3980.000
# 37
c	-5.000	+22.255	+5.000	+21740.000
d	+10.250	-39.935	-13.550	+1084.000
# 121
c	-6.050	+33.695	+5.850	+31728.000
d	-14.850	-31.095	-29.150	+16549.000
# 138
c	+3.150	+24.335	+20.900	+16124.000
d	+2.100	-31.095	-33.850	+48819.000
# 131
b	-3.717	-5.817	+40.455	+70287.000
d	-10.950	-20.695	-19.550	+21265.000
# 82
c	+5.583	+26.415	+13.583	+62753.000
d	-4.270	-26.935	-15.930	+104496.000
# 171
a	-6.100	+12.450	-20.695	+53811.000
b	+8.800	-17.800	+25.895	+10241.000
# 185
a	-10.100	-4.500	-26.415	+58000.000
b	+4.950	-6.400	+44.095	+64123.000
# 296
a	-5.364	+1.879	-30.575	+90962.000
b	+4.450	-2.900	+43.575	+25955.000
# 295
a	-1.150	+7.350	-20.175	+1587.000
b	-0.333	-10.883	+46.695	+114112.000
# 256
c	-18.393	+22.775	-10.421	+93097.000
d	+17.650	-22.255	+5.500	+22415.000
# 356
a	+16.317	-5.083	-26.935	+42141.000
b	-17.183	+6.383	+30.575	+32198.000
# 368
c	-2.383	+28.495	-1.683	+31384.000
d	-2.350	-50.335	+7.200	+24257.000
# 426
a	-16.950	-13.250	-31.095	+1087.000
b	+15.050	+11.600	+23.295	+5796.000
# 333
c	-2.288	+50.855	+19.462	+96970.000
d	+0.050	-23.815	-7.550	+2984.000
# 429
c	-1.950	+43.575	+35.750	+53933.000
d	+6.600	-39.935	-23.000	+68799.000
# 484
a	-16.300	-1.350	-22.255	+28100.000
b	+17.800	-0.650	+25.895	+67158.000
# 510
c	+9.550	+26.415	+6.600	+32399.000
d	-8.900	-34.735	-29.450	+39755.000
# 506
a	-2.850	-12.250	-43.575	+3557.000
b	-17.050	+2.700	+41.495	+59445.000
# 410
c	+3.075	+24.855	+4.750	+116419.000
d	-4.950	-36.295	-5.350	+23332.000
# 427
a	+2.650	+2.517	-30.055	+55293.000
b	-2.121	-2.350	+24.855	+91401.000
# 492
a	+13.000	+10.100	-35.255	+8355.000
d	-11.650	-25.375	+2.530	+74229.000
# 473
c	+2.275	+37.335	+20.575	+26856.000
d	-0.364	-22.255	-14.436	+101022.000
# 635
a	+9.217	+3.917	-36.815	+27930.000
b	-2.700	+5.100	+42.535	+25366.000
# 643
a	+14.750	+0.600	-25.895	+9605.000
b	-16.100	-12.300	+20.695	+43439.000
# 607
c	-16.950	+20.175	-12.300	+44566.000
d	-12.750	-20.175	+2.550	+18759.000
# 609
a	-4.600	+3.850	-22.775	+44479.000
b	+10.800	-11.250	+37.855	+52074.000
# 753
a	-6.550	+12.250	-24.335	+848.000
b	+6.450	-12.500	+23.815	+16964.000
# 718
c	-14.300	+27.455	+14.300	+48395.000
d	+6.550	-28.495	+1.100	+3629.000
# 614
c	+18.670	+32.655	-13.070	+134654.000
d	-10.200	-20.175	+5.450	+80082.000
# 690
b	+1.250	+9.650	+20.695	+29198.000
d	+6.300	-24.855	-25.150	+45763.000
# 651
a	-15.000	+36.150	-29.015	+13058.000
b	-0.064	-2.921	+20.695	+107235.000
# 642
c	+6.683	+39.415	+13.283	+62763.000
d	-7.550	-47.215	-15.640	+132005.000
# 759
a	-14.017	+41.683	-35.775	+14645.000
b	+12.250	-36.900	+37.335	+79144.000
# 762
b	-5.730	-45.170	+27.975	+29153.000
d	+5.800	-49.815	+5.650	+21035.000
# 812
c	-15.150	+25.895	-0.650	+3689.000
d	+14.200	-23.815	+0.150	+9459.000
# 750
b	+15.550	-32.350	+20.695	+74116.000
d	+14.917	-32.655	+11.117	+43129.000
# 771
a	-15.350	-13.250	-25.895	+38322.000
b	+15.850	+12.850	+24.855	+76373.000
# 801
a	-18.350	+39.450	-42.015	+16145.000
b	+19.570	-30.610	+22.255	+73724.000
# 823
a	+14.975	+41.550	-50.855	+69915.000
b	-12.500	-38.250	+43.055	+2456.000
# 868
c	+1.450	+21.215	+19.600	+11858.000
d	+0.050	-28.495	-29.450	+2854.000
# 848
b	-4.250	-30.200	+20.175	+51606.000
d	-7.400	-45.655	-0.650	+12019.000
# 930
c	-2.050	+29.535	+25.150	+5723.000
d	+20.450	-47.735	-17.850	+2651.000
# 938
a	+10.610	-6.210	-24.335	+35402.000
b	-18.150	+4.750	+23.295	+5710.000
# 895
a	-2.250	+2.050	-26.415	+48079.000
b	+5.650	-5.950	+49.295	+6848.000
# 860
c	-9.100	+22.255	-8.950	+27124.000
d	+10.188	-24.855	+12.925	+92508.000
# 952
c	-1.050	+32.135	+8.800	+33753.000
d	+1.170	-20.175	-7.190	+67752.000
# 945
a	-14.500	+7.500	-37.335	+40701.000
b	-4.083	+4.883	+44.095	+47957.000
# 962
a	+8.217	-8.217	-26.935	+9891.000
d	+7.383	-23.295	-29.483	+74871.000
# 1030
a	-21.450	-0.500	-22.775	+30264.000
b	+18.450	+11.450	+24.855	+17289.000
# 990
c	+8.525	+22.775	+5.775	+92178.000
d	+4.550	-23.295	-7.550	+3470.000
# 982
a	+2.600	+2.100	-36.295	+37899.000
b	-4.250	-0.400	+44.615	+92892.000
# 959
a	+12.679	+34.493	-21.735	+119793.000
d	-7.110	-23.815	+10.910	+89060.000
# 1070
c	+10.200	+20.695	+18.900	+80085.000
d	-21.890	-30.055	-7.270	+42941.000
# 1088
a	-15.300	-6.650	-50.855	+31022.000
b	+9.900	+3.150	+29.015	+84127.000
# 1118
a	-9.750	+33.600	-20.175	+63917.000
d	+1.190	-22.775	+1.670	+63329.000
# 1201
b	+2.950	+5.350	+21.735	+8879.000
c	+15.050	+30.575	+20.050	+18787.000
# 1115
c	-3.650	+36.815	+3.100	+65797.000
d	+3.475	-42.535	-0.625	+77356.000
# 1121
a	-11.850	+0.300	-34.215	+36369.000
b	+7.567	+0.750	+25.895	+93003.000
# 1228
a	-15.117	+12.417	-35.775	+27393.000
b	+15.950	-14.150	+31.095	+17752.000
# 1216
b	+15.450	-1.800	+35.255	+67778.000
d	-4.350	-24.855	+12.750	+2832.000
# 1247
c	+4.450	+37.335	+33.350	+17513.000
d	-2.125	-26.415	-24.425	+75371.000
# 1231
c	+8.800	+34.735	+36.850	+47836.000
d	-9.900	-33.695	-34.750	+55727.000
# 1207
a	-16.764	+25.821	-21.735	+80571.000
b	+21.990	-33.670	+25.895	+21538.000
# 1316
c	-16.450	+32.135	+38.450	+30880.000
d	+21.750	-35.775	-36.450	+2571.000
# 1309
a	-5.717	+15.817	-23.815	+33113.000
b	+7.690	-20.270	+27.455	+18943.000
# 1352
a	+21.150	+13.750	-28.495	+17831.000
b	-15.950	-45.950	+21.215	+4173.000
# 1299
a	-8.050	+1.300	-35.255	+15498.000
b	+7.800	-0.700	+34.735	+32988.000
# 1338
b	-18.450	-44.450	+27.455	+19418.000
c	-1.150	+20.695	-8.800	+11352.000
# 1355
c	-2.050	+32.135	+0.050	+10037.000
d	-2.550	-47.735	-9.050	+14361.000
# 1330
c	-20.583	+20.175	+3.567	+92598.000
d	+21.750	-23.295	-4.350	+6904.000
# 1339
b	-11.750	-35.950	+47.215	+15544.000
c	+14.450	+31.615	-8.100	+59736.000
# 1358
c	+2.200	+33.175	-6.600	+52448.000
d	-2.450	-26.935	-2.250	+2764.000
# 1413
a	+16.900	-2.550	-23.295	+19855.000
b	-15.850	+4.450	+24.335	+11416.000
# 1404
b	+5.950	-2.050	+32.655	+14612.000
c	-1.650	+27.975	+42.650	+8442.000
# 1418
a	-13.700	-1.150	-20.175	+49897.000
b	+20.550	+3.750	+35.255	+17376.000
# 1429
c	-21.000	+25.895	+45.250	+29903.000
d	+19.550	-41.495	-32.800	+65625.000
# 1435
c	+2.700	+21.215	+21.150	+35429.000
d	-3.050	-29.015	-29.100	+43724.000
# 1465
c	+9.600	+37.855	+33.000	+8009.000
d	-10.300	-34.735	-28.800	+56478.000
# 1455
a	-14.200	+13.250	-23.295	+67883.000
b	+9.150	-7.650	+20.175	+44108.000
# 1551
a	+12.317	-2.517	-20.175	+32399.000
b	-15.850	+4.550	+25.375	+18011.000
# 1583
a	-3.400	+11.150	-49.295	+2762.000
b	+4.050	-10.250	+32.655	+32131.000
# 1512
c	+14.383	+23.295	+12.117	+30482.000
d	-9.800	-32.135	-12.800	+60368.000
# 1484
c	-18.733	+35.775	+29.983	+89694.000
d	+11.400	-21.735	-17.050	+67859.000
# 1508
a	+9.100	-4.150	-38.895	+90485.000
b	-9.783	+4.783	+43.575	+56045.000
# 1635
c	-0.317	+36.295	+29.517	+65808.000
d	+1.250	-34.215	-30.300	+12110.000
# 1609
a	+9.300	+7.200	-32.655	+28197.000
b	-5.417	-23.783	+47.735	+61871.000
# 1677
a	+12.950	+10.050	-27.455	+1225.000
b	-13.430	-24.070	+20.695	+78451.000
# 1731
c	-8.350	+20.175	+20.800	+7072.000
d	-7.117	-25.895	+10.817	+711.000
# 1666
a	+5.350	-7.150	-27.455	+3495.000
b	-6.741	+8.732	+36.815	+110991.000
# 1695
c	+12.475	+21.215	+17.525	+69091.000
d	-12.950	-26.415	-23.950	+38309.000
# 1625
a	+3.300	-5.550	-27.975	+69852.000
b	-3.517	+6.383	+35.775	+76264.000
# 1692
c	+18.130	+25.375	-2.230	+60393.000
d	-8.600	-26.415	+13.700	+25366.000
# 1749
b	-11.600	+6.850	+20.695	+36070.000
c	+0.650	+22.255	+39.050	+27475.000
# 1734
c	+5.150	+34.215	+33.550	+100.000
d	+13.550	-26.935	-1.850	+72680.000
# 1764
b	-14.417	-14.983	+32.655	+79021.000
d	+20.583	-28.495	-28.083	+3555.000
# 1769
c	-8.250	+45.135	+11.550	+20120.000
d	+8.175	-40.455	-12.575	+48558.000
# 1813
a	+13.300	+21.950	-23.295	+21255.000
d	+2.650	-22.255	-1.600	+36979.000
# 1809
c	+2.317	+41.495	+6.817	+52679.000
d	-1.950	-33.175	-12.350	+21652.000
# 1825
c	-13.150	+27.455	+8.450	+63485.000
d	+15.850	-32.135	-9.450	+4652.000
# 1810
b	-16.200	-24.400	+26.415	+55417.000
d	-19.550	-29.015	-19.450	+8424.000
# 1818
c	+8.300	+33.695	-1.300	+56005.000
d	-9.300	-44.615	-2.650	+74948.000
# 1823
a	+14.250	+6.050	-25.375	+40239.000
b	-20.390	-7.730	+36.295	+53734.000
# 1897
a	+16.050	+27.950	-26.935	+6617.000
b	-16.950	-33.000	+26.415	+52386.000
# 1854
b	+19.300	-16.150	+20.695	+51650.000
c	-17.650	+43.055	-6.550	+28764.000
# 1918
a	+3.000	+17.750	-49.295	+9222.000
b	-2.350	-14.550	+43.055	+21866.000
# 1972
a	+1.450	+26.150	-23.815	+11188.000
d	+9.350	-30.055	+5.050	+28883.000
# 1956
a	+4.217	+4.383	-38.895	+7854.000
b	-3.075	-0.825	+22.775	+42838.000
# 1994
c	-0.250	+20.175	+6.650	+47647.000
d	+15.350	-49.295	-4.200	+2977.000
# 1998
b	+6.530	-18.030	+30.575	+39211.000
c	+7.250	+25.375	-2.150	+25626.000
# 1955
c	+4.083	+23.295	-10.217	+30249.000
d	-3.810	-23.295	+9.370	+60918.000
# 1867
c	-10.250	+20.175	+13.850	+89448.000
d	+15.430	-30.055	-17.470	+79401.000
# 1940
a	+17.400	+25.550	-25.895	+49201.000
b	-6.600	-27.150	+23.295	+108342.000
# 2084
a	+4.100	+16.450	-31.615	+37791.000
b	-7.050	-20.050	+47.215	+8524.000
# 2071
c	+3.850	+20.695	-9.100	+5765.000
d	-4.083	-26.935	+8.583	+45650.000
# 2077
a	+14.717	+4.217	-30.055	+23092.000
b	-11.800	+10.500	+33.695	+37314.000
# 2091
a	+12.700	+36.650	-26.935	+66252.000
c	+0.250	+23.295	+25.650	+21301.000
# 2058
c	+11.421	+23.295	+31.707	+91486.000
d	-11.500	-26.415	-14.900	+43888.000
# 2132
a	-2.450	+24.300	-31.095	+16310.000
b	+1.725	-18.350	+22.255	+99936.000
# 2080
c	+18.600	+40.975	+14.017	+81344.000
d	-15.417	-36.815	-14.183	+66553.000
# 2199
a	-6.650	-0.350	-20.695	+35835.000
b	+12.700	+1.950	+43.055	+16905.000
# 2122
c	-15.900	+23.295	+3.450	+64132.000
d	+18.179	-26.935	-7.407	+107742.000
# 2235
a	+5.300	+11.650	-37.335	+13441.000
b	-3.750	-11.850	+29.535	+1955.000
# 2110
c	+1.167	+32.655	+8.450	+119256.000
d	-0.030	-35.255	-12.130	+78929.000
# 2151
a	-8.050	+12.000	-21.735	+38104.000
d	-5.613	-23.815	-5.938	+121329.000
# 2171
a	+0.850	-12.150	-22.775	+60584.000
c	-9.275	+20.175	+43.375	+109597.000
# 2259
a	+0.050	-2.750	-20.175	+2791.000
b	+0.667	+2.017	+21.215	+65072.000
# 2314
c	+5.150	+20.695	+30.350	+2233.000
d	+19.350	-20.695	-10.650	+20274.000
# 2164
c	+4.100	+21.735	+15.600	+78576.000
d	-6.250	-44.095	-21.600	+65936.000
# 2308
a	+5.550	+27.400	-40.975	+8371.000
b	-1.050	-31.900	+32.655	+37494.000
# 2332
c	-21.550	+33.695	+4.350	+23085.000
d	+18.183	-29.015	-4.483	+25170.000
# 2338
a	-1.800	-7.450	-39.415	+44199.000
b	+0.850	+10.050	+49.295	+5737.000
# 2236
a	-0.779	-8.350	-50.855	+105552.000
b	-2.600	+9.550	+50.335	+27477.000
# 2261
c	-0.350	+32.655	-11.200	+63069.000
d	+0.410	-33.695	+12.250	+69890.000
# 2428
a	-11.550	+1.150	-20.695	+27239.000
b	+11.250	-0.350	+23.815	+42508.000
# 2452
c	-6.800	+24.855	+23.650	+46299.000
d	+5.950	-22.255	-21.050	+23410.000
# 2380
a	-11.400	+4.850	-22.775	+20023.000
b	+11.250	-4.500	+32.655	+99268.000
# 2419
a	-4.150	-9.750	-33.695	+31141.000
b	+19.650	-4.500	+40.455	+63774.000
# 2486
c	-14.200	+22.255	+12.500	+72840.000
d	+18.100	-21.215	-13.750	+12346.000
# 2475
a	-1.050	+17.300	-39.415	+14643.000
b	-0.483	-5.817	+20.175	+55428.000
# 2534
c	-4.150	+50.855	+5.450	+18292.000
d	+3.250	-42.015	-4.050	+46958.000
# 2470
a	+7.375	+4.225	-23.295	+55398.000
b	-6.983	-4.417	+22.255	+56464.000
# 2571
a	-10.400	-12.400	-28.495	+68274.000
c	+14.950	+21.735	+22.600	+7755.000
# 2400
a	+0.075	+9.025	-20.695	+83377.000
b	+1.600	-14.800	+25.375	+104500.000
# 2612
a	+3.050	+13.850	-29.015	+41.000
b	-3.700	-20.850	+44.615	+22478.000
# 2536
a	-12.817	+7.683	-21.215	+45594.000
b	-0.517	+6.917	+26.935	+79833.000
# 2644
a	+12.700	+39.850	-27.975	+53456.000
b	-10.850	-17.300	+30.575	+5180.000
# 2646
c	+1.250	+36.815	+13.150	+4035.000
d	-1.983	-43.575	-12.183	+86778.000
# 2500
a	+16.350	+23.417	-28.495	+138096.000
b	-21.900	-30.400	+38.895	+74803.000
# 2695
a	+16.200	+10.050	-23.815	+41172.000
d	-11.550	-32.135	+4.950	+38881.000
# 2731
a	+10.530	-5.910	-25.375	+70924.000
b	+0.150	-0.350	+21.215	+17479.000
# 2764
c	+1.125	+35.255	+14.063	+45366.000
d	-0.450	-25.895	-11.350	+4614.000
# 2788
c	-19.150	+47.735	-9.400	+48176.000
d	+11.800	-22.775	+0.950	+23101.000
# 2853
a	-13.400	-10.850	-34.215	+16493.000
b	+11.050	+9.533	+29.015	+43428.000
# 2845
a	+13.850	-12.300	-34.735	+38330.000
b	-12.450	-18.100	+34.215	+16413.000
# 2874
c	-7.150	+27.455	+25.250	+6270.000
d	+6.883	-27.975	-25.783	+62734.000
# 2841
a	-12.550	+1.400	-24.335	+13076.000
b	+8.300	+0.700	+22.255	+83743.000
# 2864
a	+5.910	+4.130	-31.615	+79466.000
b	-3.550	-5.400	+21.215	+30287.000
# 2838
c	+12.170	+22.255	+4.570	+70356.000
d	-13.350	-25.895	-6.350	+47449.000
# 2779
c	-13.675	+27.975	-1.575	+63520.000
d	+17.683	-36.815	+5.417	+111628.000
# 2971
c	+13.300	+25.375	-0.650	+26935.000
d	-19.950	-29.535	+12.650	+1541.000
# 2883
c	-4.875	+38.895	+38.275	+92582.000
d	+8.600	-40.455	-41.650	+17826.000
# 2986
a	+18.250	-3.050	-33.175	+8117.000
c	+8.400	+27.455	-8.600	+12174.000
# 3005
c	+12.650	+22.255	+19.150	+17567.000
d	-16.250	-33.695	-32.350	+1309.000
# 2982
b	+15.750	-16.700	+22.255	+17874.000
c	-15.900	+31.095	-12.150	+39657.000
# 2991
a	+10.650	-13.050	-26.415	+13266.000
d	+12.275	-20.695	-32.675	+78061.000
# 3003
b	-6.807	+9.607	+36.295	+43059.000
c	+3.000	+21.735	+45.250	+4965.000
# 3122
a	+1.850	+0.950	-25.895	+8719.000
d	+13.250	-34.215	+1.350	+3871.000
# 3040
a	+10.250	+26.950	-32.655	+71026.000
b	-12.317	-40.683	+44.615	+30128.000
# 2976
a	-12.583	+10.283	-21.215	+57393.000
b	+15.550	-16.200	+20.175	+81051.000
# 3057
a	+1.700	-4.650	-22.775	+44933.000
b	+12.807	+6.979	+35.775	+103572.000
# 3175
a	-15.950	-0.950	-30.575	+2590.000
b	+15.700	+6.900	+25.375	+58578.000
# 3225
c	-12.700	+42.535	-9.850	+26822.000
d	+8.000	-22.775	+11.150	+28237.000
# 3243
c	+18.050	+36.295	-2.950	+229.000
d	-20.600	-36.815	+7.800	+39465.000
# 3207
c	-7.650	+47.215	+13.050	+13372.000
d	+3.830	-23.295	-6.830	+103144.000
# 3313
c	-19.050	+26.415	-4.650	+49888.000
d	+17.100	-23.295	+4.350	+36358.000
# 3202
a	+5.640	-12.880	-22.255	+111186.000
c	-20.100	+23.815	-2.750	+38090.000
# 3349
c	-5.500	+25.375	+3.250	+16278.000
d	+12.450	-49.815	-12.250	+12091.000
# 3319
c	+15.000	+45.655	-6.350	+57166.000
d	-7.350	-24.335	+0.300	+6686.000
# 3358
c	-7.100	+21.215	+6.750	+35948.000
d	+14.490	-44.615	-10.890	+92339.000
# 3387
a	-20.350	+19.850	-31.615	+3306.000
b	+5.900	-25.650	+48.775	+55325.000
# 3439
c	-18.217	+22.255	+18.883	+26419.000
d	+6.550	-21.735	-3.600	+16882.000
# 3302
a	-14.500	+21.350	-24.855	+74294.000
b	+20.279	-30.493	+34.215	+114938.000
# 3434
c	+12.200	+39.935	+1.250	+37647.000
d	+4.350	-23.295	-18.600	+52628.000
# 3461
c	-12.700	+25.375	+3.850	+42767.000
d	+11.950	-27.975	-8.400	+25707.000
# 3487
a	-18.950	+4.750	-20.175	+6267.000
b	-1.083	+11.783	+28.495	+62200.000
# 3369
c	+13.320	+33.695	+24.910	+125727.000
d	-14.150	-37.855	-18.200	+25417.000
# 3478
a	-8.475	+26.675	-25.375	+78269.000
d	-1.550	-33.695	-9.600	+40438.000
# 3598
b	+16.883	+3.183	+22.775	+13819.000
c	+4.817	+24.855	+21.017	+34347.000
# 3524
a	+1.500	+11.250	-40.455	+27475.000
b	+0.250	-9.650	+24.855	+88134.000
# 3645
c	-20.125	+25.895	+21.675	+65956.000
d	+21.100	-26.935	-22.000	+22534.000
# 3758
c	+14.450	+23.815	+43.600	+35767.000
d	-19.000	-25.375	-42.650	+15813.000
# 3750
a	-3.050	+13.750	-34.735	+16514.000
b	+4.483	-18.867	+40.975	+87489.000
# 3751
a	-0.264	+27.721	-30.055	+52452.000
b	+0.700	-29.500	+32.135	+31309.000
# 3822
a	+5.450	+40.450	-21.735	+20658.000
c	-9.900	+23.295	-11.750	+29930.000
# 3761
a	-6.300	+10.550	-49.295	+34586.000
b	+2.859	-2.832	+39.935	+124017.000
# 3852
c	+1.810	+34.215	+5.290	+61991.000
d	-0.150	-23.815	-5.750	+24726.000
# 3907
c	-21.400	+20.695	+16.950	+9265.000
d	-21.583	-20.695	-12.383	+37217.000
# 3780
a	-9.050	+20.550	-37.855	+34130.000
b	+6.094	-13.628	+29.535	+114895.000
# 3818
b	-5.967	+4.175	+35.775	+106774.000
c	-1.750	+20.175	+44.700	+6233.000
# 3896
a	-1.717	+14.483	-24.335	+61502.000
b	+1.017	-10.617	+20.175	+11939.000
# 3908
c	-6.550	+29.535	+40.050	+31730.000
d	+6.125	-25.375	-35.250	+26859.000
# 3959
a	-4.950	+44.250	-25.375	+27960.000
b	+4.250	-42.250	+26.415	+18600.000
# 3891
a	+5.550	+9.250	-30.055	+79901.000
b	-9.450	-13.100	+32.655	+5606.000
# 3916
c	-0.450	+30.055	-12.700	+29932.000
d	+1.470	-20.695	+5.690	+83995.000
# 4033
a	+8.950	+2.250	-42.535	+2973.000
b	-8.650	-0.650	+40.455	+41158.000
# 3911
c	-10.417	+47.215	+7.967	+82225.000
d	+7.450	-35.255	-2.950	+57637.000
# 4057
a	+13.250	+4.750	-23.815	+14399.000
d	+17.550	-21.215	-26.150	+35291.000
# 3969
c	-4.850	+34.735	+10.333	+97148.000
d	+3.050	-22.255	-5.550	+1350.000
# 3943
c	-21.525	+33.695	+7.325	+69308.000
d	+10.562	-36.295	+9.712	+99538.000
# 4142
c	+17.250	+47.215	-10.750	+22178.000
d	-15.550	-21.215	+3.750	+11385.000
# 4034
a	-8.017	-0.983	-35.775	+41471.000
b	+5.710	+1.410	+28.495	+89997.000
# 4115
b	+4.850	-18.650	+27.975	+77396.000
d	+20.050	-50.855	-16.350	+6772.000
# 4261
a	+9.700	-13.250	-22.255	+2882.000
d	-2.750	-38.895	-13.150	+8068.000
# 4275
b	-2.850	-36.750	+21.735	+4874.000
c	+6.750	+37.855	-7.650	+27751.000
# 4366
c	-10.850	+20.695	+10.200	+29308.000
d	+3.050	-44.095	-21.050	+404.000
# 4387
c	+8.250	+27.455	-1.600	+38664.000
d	-14.283	-48.255	+3.517	+17715.000
# 4301
c	+19.800	+44.615	-8.150	+48767.000
d	-8.950	-50.855	-9.950	+16867.000
# 4332
a	-16.479	-4.350	-27.975	+53169.000
b	+17.510	+7.570	+36.815	+44276.000
# 4373
a	+14.750	+24.075	-34.215	+81262.000
d	-10.650	-34.215	-5.250	+7248.000
# 4400
a	-19.450	+7.450	-39.415	+17121.000
b	+20.825	-3.775	+29.535	+39032.000
# 4438
a	-20.150	+1.300	-38.895	+4310.000
b	+16.983	+0.783	+38.375	+57867.000
# 4408
a	-19.117	+43.483	-23.815	+58290.000
d	+10.350	-23.815	+13.550	+35822.000
# 4335
c	-15.383	+40.975	+17.783	+67964.000
d	+9.630	-25.895	-12.510	+87607.000
# 4399
a	+15.100	+3.250	-23.295	+36507.000
b	-20.370	-10.410	+25.895	+78797.000
# 4355
c	-3.670	+47.215	+40.470	+67464.000
d	+2.450	-21.735	-19.900	+106586.000
# 4480
c	-19.850	+34.735	+13.200	+32783.000
d	+21.900	-37.855	-16.450	+25556.000
# 4512
a	-5.317	+12.983	-38.895	+46535.000
b	+0.650	-19.600	+23.815	+773.000
# 4485
c	+4.950	+24.855	+41.350	+12245.000
d	-5.783	-21.735	-37.517	+80299.000
# 4508
a	+6.117	+10.383	-36.815	+55253.000
b	-4.500	-5.750	+23.815	+2229.000
# 4488
c	+0.970	+47.735	+20.090	+40510.000
d	-1.775	-32.135	-11.350	+57272.000
# 4563
a	+10.750	+0.150	-46.175	+3002.000
b	-5.600	-2.450	+48.255	+31681.000
# 4523
c	-12.850	+26.415	+9.900	+49456.000
d	+11.850	-24.335	-5.150	+48489.000
# 4541
b	-14.210	-18.030	+22.775	+58267.000
d	-19.750	-49.815	-1.700	+33432.000
# 4609
a	+0.950	+12.850	-25.375	+31131.000
b	+0.225	-19.575	+29.535	+63220.000
# 4546
a	+14.679	+16.493	-29.015	+85295.000
b	-19.750	-14.250	+28.495	+62279.000
# 4712
a	-6.350	+11.400	-27.975	+22653.000
b	+11.000	-26.350	+23.295	+32213.000
# 4733
c	-14.300	+27.455	-2.050	+2064.000
d	+13.050	-39.415	-4.350	+37848.000
# 4677
a	-4.850	-0.700	-49.815	+71361.000
b	+1.900	+0.450	+23.295	+41989.000
# 4724
a	+12.250	+0.300	-22.775	+2483.000
b	-11.770	-1.590	+20.695	+62149.000
# 4728
a	-9.013	+9.700	-25.375	+118984.000
b	+3.750	-14.750	+39.415	+576.000
# 4787
c	+17.483	+23.295	+35.617	+25268.000
d	+8.150	-40.975	-4.250	+69700.000
# 4850
a	-15.650	+24.200	-32.135	+39532.000
c	-11.850	+31.095	+31.650	+2570.000
# 4846
a	-7.250	+3.150	-29.535	+1061.000
d	-2.050	-21.735	-26.400	+87127.000
# 4902
a	-8.383	+5.983	-22.255	+59634.000
b	+17.350	-11.350	+50.335	+20438.000
# 4851
a	-8.500	-6.950	-20.695	+28491.000
b	+17.000	+1.250	+21.215	+75212.000
# 4918
c	-10.400	+28.495	+18.450	+1023.000
d	+9.850	-30.055	-6.700	+67975.000
# 4881
a	-5.600	+17.750	-21.735	+52114.000
b	-4.283	-17.283	+22.775	+38554.000
# 4898
a	-0.400	-9.550	-38.375	+40894.000
b	+0.850	+8.000	+33.175	+54084.000
# 4997
c	-10.717	+20.695	+10.683	+72785.000
d	+18.150	-36.295	-15.850	+2055.000
# 4921
b	+6.200	+6.550	+33.175	+2204.000
c	+8.810	+22.255	+19.530	+95330.000
# 5065
a	-17.750	-7.550	-22.255	+792.000
b	+21.000	+7.750	+24.855	+38622.000
# 4985
c	+14.300	+36.815	+37.150	+48072.000
d	-14.317	-35.775	-40.433	+90798.000
# 4961
a	-1.617	-13.833	-20.695	+76851.000
c	+1.350	+21.735	+33.525	+55243.000
# 5078
c	+3.525	+20.175	+3.775	+77418.000
d	-5.950	-34.215	-1.250	+5688.000
# 5098
c	+9.364	+21.735	+35.521	+82345.000
d	-12.450	-24.855	-39.450	+32271.000
# 5022
a	+7.517	-3.417	-24.335	+42140.000
b	-9.212	+2.462	+29.015	+96467.000
# 5102
c	-10.950	+22.255	+13.450	+22771.000
d	-18.583	-29.015	+2.983	+91582.000
# 5137
c	-1.850	+23.295	+27.250	+35784.000
d	-3.000	-33.695	-28.950	+65910.000
# 5248
c	+9.825	+50.335	-0.450	+73678.000
d	-8.350	-43.055	+0.250	+9207.000
# 5285
a	+13.300	+11.000	-20.175	+39217.000
b	-2.750	+6.000	+34.215	+1092.000
# 5312
c	+15.150	+22.775	-7.900	+47468.000
d	-16.050	-23.295	+10.050	+24514.000
# 5303
c	+5.500	+29.535	+26.500	+44372.000
d	-9.850	-23.815	+1.400	+38995.000
# 5284
a	-9.550	-13.200	-21.215	+44315.000
d	+10.600	-46.695	-37.300	+90871.000
# 5301
b	-7.725	-28.475	+20.695	+58490.000
d	-2.300	-22.775	+10.150	+26463.000
# 5341
c	-13.417	+30.575	+20.083	+30747.000
d	+21.783	-48.255	-34.417	+76671.000
# 5289
c	-5.250	+50.855	-1.350	+7939.000
d	+2.961	-31.615	+0.939	+100238.000
# 5352
a	-14.600	+14.800	-23.815	+21744.000
c	+4.200	+27.975	-13.283	+81707.000
# 5338
c	-3.593	+20.695	+30.207	+84273.000
d	+5.483	-28.495	-43.417	+61931.000
# 5380
a	+3.050	+36.450	-20.175	+21542.000
b	-5.150	-45.350	+30.055	+71352.000
# 5327
a	-0.670	+21.670	-24.855	+87127.000
b	+0.567	-18.133	+21.215	+99676.000
# 5422
c	-3.117	+40.455	+4.683	+52498.000
d	-3.200	-29.015	-1.000	+15450.000
# 5388
c	-11.417	+20.175	+20.917	+77704.000
d	+16.930	-30.575	-29.190	+53809.000
# 5452
a	+18.150	-10.850	-31.615	+1595.000
b	-15.400	+9.700	+28.495	+93364.000
# 5462
a	-0.750	-3.900	-20.695	+26454.000
b	+1.717	+2.917	+20.175	+74648.000
# 5481
c	-10.500	+23.815	+27.700	+91101.000
d	-6.450	-20.695	-13.950	+3961.000
# 5479
c	+14.600	+42.535	+9.650	+22410.000
d	-10.090	-32.135	-8.630	+103419.000
# 5625
a	-1.650	+41.100	-20.695	+6497.000
d	+3.417	-22.255	+7.017	+42661.000
# 5580
c	+1.333	+48.775	+3.717	+59986.000
d	-1.250	-23.295	+0.800	+47809.000
# 5660
c	+7.117	+21.735	+20.083	+70517.000
d	-8.750	-23.295	-20.500	+4889.000
# 5685
a	+2.550	+28.400	-20.695	+68072.000
b	-2.450	-25.900	+20.695	+30180.000
# 5521
a	-7.750	-0.050	-29.015	+115322.000
b	+4.000	-0.400	+42.015	+110620.000
# 5726
c	-21.850	+28.495	-2.850	+4695.000
d	+19.693	-26.415	+0.021	+84851.000
# 5769
c	-3.750	+20.695	+7.050	+22294.000
d	+7.300	-47.215	-13.800	+79344.000
# 5871
b	-17.450	-27.500	+26.415	+50248.000
d	-14.450	-42.015	+13.300	+3598.000
# 5898
b	+21.850	-6.650	+37.855	+106.000
d	-11.850	-30.055	+0.850	+18641.000
# 5856
a	-10.864	+5.621	-28.495	+88694.000
b	+9.550	+2.450	+33.175	+20178.000
# 5858
a	-8.050	-5.850	-20.695	+88394.000
b	+9.550	+7.050	+31.095	+28726.000
# 5777
a	+11.406	+2.283	-27.975	+110870.000
b	-20.350	-8.750	+49.815	+97697.000
# 5911
a	+14.100	-7.050	-21.215	+26305.000
b	-19.217	+9.383	+28.495	+37842.000
# 5973
a	-16.050	+2.450	-45.655	+39240.000
b	+11.350	+1.750	+23.815	+8403.000
# 5886
c	+21.462	+40.975	-3.462	+111712.000
d	-11.050	-23.815	+0.050	+5792.000
# 6006
c	-1.550	+35.775	+17.350	+3561.000
d	-2.983	-35.775	-12.117	+44544.000
# 5961
b	-21.583	+13.617	+39.415	+21982.000
d	-7.383	-27.455	+2.917	+43126.000
# 5976
a	-11.850	+14.100	-24.855	+73157.000
b	+9.300	-11.750	+23.815	+58770.000
# 5989
a	+12.250	+21.200	-23.295	+69478.000
b	-14.450	-24.600	+26.935	+52568.000
# 6028
a	+0.050	+18.350	-50.855	+16302.000
b	-0.175	-12.950	+42.015	+87981.000
# 6023
a	+18.950	+11.450	-21.215	+105241.000
b	-19.150	-26.350	+33.695	+431.000
# 6001
a	+13.550	+3.900	-27.455	+64393.000
b	-10.650	-4.100	+21.215	+86097.000
# 6071
c	+16.690	+30.055	+23.970	+86809.000
d	-0.850	-48.255	-21.050	+266.000
# 6121
a	+10.117	-7.917	-33.695	+63091.000
b	-7.483	+5.317	+23.815	+40957.000
# 6211
c	+5.300	+38.375	-1.050	+32597.000
d	-5.750	-45.135	-0.450	+3758.000
# 6056
a	+20.237	-1.225	-43.055	+92289.000
b	-14.790	+2.110	+31.615	+74861.000
# 6077
a	+4.750	-9.100	-21.215	+49919.000
b	-5.507	+8.993	+22.775	+128072.000
# 6278
c	+13.550	+20.175	-2.550	+6183.000
d	-20.600	-30.055	+4.150	+54689.000
# 6212
a	+19.150	-5.950	-33.695	+26149.000
b	-7.150	+11.050	+30.055	+63009.000
# 6237
c	-2.910	+30.575	+8.570	+82206.000
d	+1.800	-23.295	-5.350	+24082.000
# 6287
a	+18.950	+6.100	-31.095	+32044.000
b	-14.517	-5.017	+23.815	+56877.000
# 6222
a	+7.500	-8.750	-39.935	+37036.000
b	-8.733	+10.967	+45.135	+109621.000
# 6311
a	-1.650	-5.500	-23.815	+19996.000
d	-6.817	-22.775	-40.083	+38108.000
# 6348
a	-10.200	+5.750	-27.455	+2486.000
b	+3.450	-33.400	+29.535	+50439.000
# 6349
a	+5.930	+38.490	-36.815	+35981.000
b	-7.950	-33.250	+22.255	+17121.000
# 6285
c	-10.400	+39.415	+19.100	+56273.000
d	+0.200	-29.535	-18.100	+74344.000
# 6448
a	-5.650	+25.500	-23.295	+1430.000
b	-6.200	-35.200	+39.935	+8384.000
# 6336
b	+8.800	-14.850	+25.375	+53170.000
c	-13.800	+22.255	-10.550	+19244.000
# 6424
c	-3.750	+20.175	-10.650	+8942.000
d	+7.683	-23.295	-12.417	+65492.000
# 6333
c	-6.183	+21.215	+6.217	+32466.000
d	+6.030	-22.255	-4.170	+89590.000
# 6449
c	+16.750	+43.055	+12.750	+2328.000
d	-12.150	-29.015	-7.250	+59409.000
# 6396
c	+11.050	+23.815	+30.650	+48099.000
d	-19.850	-33.695	-42.150	+30982.000
# 6378
a	-13.679	+21.964	-28.495	+36467.000
b	+17.770	-28.290	+38.375	+76322.000
# 6427
a	+8.450	+1.650	-41.495	+31216.000
b	-18.400	+10.200	+35.255	+67685.000
# 6422
c	+8.550	+25.375	-1.250	+21916.000
d	-17.600	-40.975	-0.000	+92756.000
# 6495
a	-0.500	-6.250	-27.975	+44739.000
c	-3.950	+35.775	+44.550	+19278.000
# 6483
c	+21.150	+31.615	+5.875	+71491.000
d	-21.400	-33.695	-8.350	+15080.000
# 6530
c	-12.750	+21.735	+20.050	+3370.000
d	+0.050	-34.735	-16.550	+18126.000
# 6474
a	+10.150	+26.750	-40.455	+77662.000
b	-7.700	-22.100	+30.575	+47399.000
# 6524
a	-11.450	-4.900	-21.735	+40394.000
b	+11.000	+13.400	+32.135	+70148.000
# 6569
a	-6.850	-10.200	-38.375	+62836.000
b	+6.150	+11.850	+35.255	+5682.000
# 6543
a	-13.050	+11.700	-48.255	+8105.000
b	+11.817	-11.117	+36.295	+90255.000
# 6634
a	+21.500	+33.350	-34.215	+15699.000
b	-13.850	-35.550	+28.495	+10039.000
# 6567
c	+12.500	+26.935	-9.550	+30631.000
d	-10.270	-22.775	+6.310	+85446.000
# 6589
c	+3.800	+33.175	+11.550	+10551.000
d	+0.300	-39.415	-14.000	+60518.000
# 6731
c	-8.083	+29.535	+19.217	+28528.000
d	+12.550	-22.255	-23.650	+6582.000
# 6733
b	-18.950	-15.450	+40.455	+16020.000
d	+4.950	-23.295	+5.050	+22216.000
# 6721
a	-1.725	+22.125	-24.855	+84906.000
b	+1.050	-23.900	+35.255	+26607.000
# 6761
a	-8.200	-5.700	-20.175	+53450.000
b	+5.617	-2.783	+29.015	+9030.000
# 6799
c	+8.150	+36.295	+25.050	+17534.000
d	-4.125	-24.855	-19.775	+63919.000
# 6837
a	+5.300	-7.650	-20.175	+28991.000
b	-6.150	+9.400	+24.335	+21688.000
# 6886
a	-19.850	-7.550	-39.935	+2886.000
b	+0.650	-6.550	+32.655	+14574.000
# 6890
c	+6.550	+25.895	+22.800	+50483.000
d	-10.110	-40.975	-36.090	+39598.000
# 6908
c	-20.617	+37.855	-11.917	+70051.000
d	+12.150	-33.695	-4.500	+14756.000
# 6849
a	+4.483	+27.683	-22.775	+29693.000
b	-8.325	-38.150	+38.895	+111408.000
# 6889
a	-4.650	-0.250	-49.815	+17948.000
b	+4.683	-0.233	+44.095	+91649.000
# 6953
a	+2.650	-13.100	-21.735	+25667.000
c	-3.300	+21.215	+34.850	+76436.000
# 7017
c	+0.250	+22.775	-6.450	+9484.000
d	+15.550	-46.175	-31.050	+3557.000
# 6985
c	+11.850	+28.495	+4.900	+48908.000
d	-15.800	-33.175	-1.550	+27279.000
# 7044
a	+14.850	+4.750	-27.975	+5929.000
b	-15.825	-4.738	+30.575	+90040.000
# 7043
c	+4.300	+24.855	+6.900	+85540.000
d	-5.100	-25.375	-5.500	+65263.000
# 7115
a	+9.000	+22.950	-20.175	+45996.000
d	-21.450	-47.215	-7.200	+27873.000
# 7068
a	-12.250	+31.200	-50.855	+69995.000
b	+4.883	-17.183	+38.375	+56928.000
# 7239
a	-8.050	+16.750	-42.015	+17756.000
b	+8.550	-23.150	+30.575	+352.000
# 7138
c	-16.117	+27.975	+5.183	+39526.000
d	+8.750	-20.175	-6.000	+65053.000
# 7265
a	+3.750	+20.250	-29.535	+7564.000
b	-4.117	-24.817	+34.735	+57206.000
# 7093
a	+3.250	+13.800	-28.495	+109423.000
b	-4.410	-11.930	+32.655	+71490.000
# 7201
c	+13.600	+20.175	-5.850	+12061.000
d	-18.050	-29.015	+6.290	+73519.000
# 7220
c	+4.600	+25.895	+0.450	+25356.000
d	-6.300	-45.135	-6.200	+92459.000
# 7262
c	-9.200	+20.695	+27.550	+31829.000
d	+11.490	-26.935	-35.570	+63188.000
# 7343
c	-4.350	+26.415	+2.750	+1675.000
d	-16.050	-27.455	+12.900	+45729.000
# 7187
a	-12.563	-10.212	-34.735	+74462.000
b	+6.290	+7.290	+22.775	+115631.000
# 7315
a	+1.600	-0.050	-27.455	+4381.000
b	-1.950	-0.350	+32.135	+83130.000
# 7307
a	-22.050	+29.150	-22.775	+2957.000
b	+6.900	-25.750	+32.655	+105802.000
# 7351
a	-8.750	+25.950	-21.215	+35250.000
d	+2.250	-48.775	+0.050	+25765.000
# 7334
c	-7.975	+33.695	+9.325	+33199.000
d	+5.200	-24.855	-3.850	+66078.000
# 7430
c	-9.650	+20.175	+15.450	+107.000
d	+9.550	-20.175	-14.100	+24088.000
# 7420
a	-0.500	-9.000	-25.375	+12041.000
d	-14.650	-33.695	-39.650	+15421.000
# 7342
c	-19.050	+32.655	+2.900	+19786.000
d	+14.668	-25.895	-3.405	+128137.000
# 7449
c	+9.250	+25.895	-1.350	+43636.000
d	-20.750	-29.015	+9.350	+128.000
# 7482
a	-8.417	+14.517	-47.215	+76611.000
b	+12.850	-17.600	+45.655	+10195.000
# 7511
c	-14.850	+21.735	+20.600	+54792.000
d	+15.900	-22.775	-19.250	+11751.000
# 7498
a	-13.150	-2.950	-29.015	+25720.000
b	+10.590	+3.850	+27.455	+62019.000
# 7571
a	-14.750	+7.400	-49.815	+39595.000
b	+10.350	-11.450	+32.655	+19673.000
# 7635
a	# 7543
a	# 7543
+19.650	+38.600	-43.055	+5393.000
b	-11.450	+8.850	-25.950	+5.050	+24.335	+8831.0	0
b	-11.450	+8.850	-25.950	+5.050	+24.335	+8831.0	0
+34305.000
b	-7.250	-3.350	+20.175	+36523.000
# 7693
c	-3.450	+38.375	+1.800	+16593.000
d	-21.100	-38.895	-14.650	+34456.000
# 7742
a	-11.650	+3.250	-24.335	+3557.000
b	-7.050	+0.950	+32.655	+14632.000
# 7658
c	-4.050	+28.495	+24.200	+31359.000
d	+4.050	-43.575	-15.075	+84334.000
# 7592
c	-1.275	+33.175	+11.725	+103582.000
d	-1.025	-22.255	-9.575	+48465.000
# 7714
a	+12.610	+27.070	-25.375	+90576.000
b	-9.950	-25.150	+24.335	+3215.000
# 7726
c	-4.450	+20.695	+6.350	+35034.000
d	+10.350	-44.095	-19.050	+10454.000
# 7758
a	-0.650	-7.550	-47.735	+12464.000
b	-7.683	+7.383	+22.775	+40618.000
# 7710
c	-4.167	+28.495	+10.567	+45442.000
d	+7.217	-50.335	-18.483	+90345.000
# 7738
a	+11.150	+13.350	-39.935	+200.000
b	-10.117	-9.783	+41.495	+79689.000
# 7766
b	-5.450	-2.300	+44.095	+6382.000
d	+5.950	-25.895	+3.950	+69150.000
# 7752
a	-2.900	+40.000	-21.215	+52566.000
d	+8.300	-26.415	+6.700	+24296.000
# 7725
a	+15.400	-1.200	-30.055	+87632.000
b	-18.670	+2.310	+36.815	+82959.000
# 7622
c	-7.117	+37.855	+13.667	+70535.000
d	+4.600	-26.415	-7.750	+108006.000
# 7839
a	-8.000	+1.750	-44.615	+48916.000
b	+10.950	-4.550	+47.735	+5528.000
# 7822
a	-7.600	+7.400	-32.135	+25718.000
b	+9.150	-8.250	+48.775	+41990.000
# 7881
a	+7.650	+17.700	-20.695	+43022.000
c	+6.750	+21.735	-0.350	+6346.000
# 7892
a	-4.250	+3.750	-22.775	+19736.000
b	+2.550	-1.500	+24.335	+66907.000
# 7940
a	-7.183	+40.417	-34.215	+75230.000
c	+3.650	+20.695	-7.650	+4200.000
# 7971
a	-7.450	-12.300	-29.535	+10703.000
c	-15.690	+24.855	-8.230	+38827.000
# 8042
a	-20.750	-10.350	-41.495	+23492.000
b	+18.850	+9.850	+38.895	+7459.000
# 8054
a	+6.600	+15.550	-37.855	+21256.000
b	-5.800	-11.450	+25.895	+21913.000
# 8059
a	-11.500	-1.250	-30.575	+35868.000
b	+16.400	-0.750	+32.655	+39969.000
# 8153
c	+2.450	+25.375	-6.550	+36000.000
d	-3.450	-27.975	+9.650	+5735.000
# 8095
c	-2.933	+40.455	+30.917	+79696.000
d	+1.800	-23.295	-17.900	+53854.000
# 8233
b	-1.250	-6.100	+20.175	+17361.000
c	-17.300	+29.015	-3.200	+55099.000
# 8231
b	-19.700	-29.100	+21.735	+6520.000
c	+12.900	+21.735	-12.200	+53099.000
# 8286
a	-3.750	-2.850	-34.735	+19487.000
c	-4.950	+23.815	+31.750	+26882.000
# 8188
c	-17.450	+50.335	+14.450	+43910.000
d	+10.350	-28.495	-9.630	+81903.000
# 8252
c	-1.300	+37.855	+27.250	+61553.000
d	+1.450	-26.415	-20.300	+4709.000
# 8247
c	-0.370	+35.255	-1.110	+99556.000
d	-0.750	-26.415	+3.650	+5300.000
# 8279
a	-11.183	+4.083	-29.535	+28679.000
b	+19.810	-8.030	+48.255	+41863.000
# 8319
c	+6.133	+25.895	+9.683	+31655.000
d	-13.683	-50.855	-15.683	+22401.000
# 8308
a	+2.500	+17.500	-29.015	+25173.000
b	-1.850	-10.350	+20.175	+53435.000
# 8299
a	+14.210	+0.450	-22.775	+90753.000
c	+3.400	+22.255	+22.350	+17954.000
# 8353
c	-16.950	+37.855	-6.650	+8396.000
d	-11.850	-32.135	+9.450	+86863.000
# 8369
c	-14.950	+25.895	+27.850	+30741.000
d	+12.017	-20.695	-22.483	+63575.000
# 8354
a	+7.400	+0.450	-21.735	+55018.000
b	-10.850	-4.050	+38.895	+54673.000
# 8405
a	-18.217	-11.917	-27.455	+62314.000
b	+15.550	+11.450	+26.935	+7261.000
# 8484
c	-2.550	+22.255	-4.500	+3356.000
d	+3.450	-25.895	+3.350	+6548.000
# 8403
a	+6.506	+23.661	-37.335	+64927.000
b	-8.650	-25.750	+47.735	+14266.000
# 8393
a	+21.117	+15.483	-22.775	+64154.000
b	-19.010	-12.430	+21.735	+48936.000
# 8473
a	-12.450	-6.250	-48.255	+22917.000
b	+8.150	+4.550	+32.655	+25629.000
# 8454
c	+14.217	+21.735	+12.317	+30078.000
d	-6.250	-37.855	-32.550	+58762.000
# 8427
c	+1.190	+28.495	+1.750	+109678.000
d	-0.050	-34.735	-5.950	+11338.000
# 8440
b	-10.350	+10.550	+28.495	+27083.000
d	+0.475	-22.775	-42.125	+76155.000
# 8575
c	-14.650	+49.295	+23.750	+2974.000
d	+11.150	-44.615	-21.950	+15558.000
# 8471
a	+4.850	-0.450	-26.415	+65595.000
b	-7.500	+1.200	+42.015	+59758.000
# 8626
c	-16.750	+36.815	-7.550	+333.000
d	+10.350	-23.815	+2.550	+17850.000
# 8582
a	+3.100	-6.800	-22.775	+59656.000
b	-8.950	+11.900	+48.775	+19957.000
# 8680
c	-4.950	+39.935	+26.950	+2954.000
d	+5.050	-47.215	-24.550	+2204.000
# 8619
a	-11.217	+28.367	-21.735	+91632.000
b	+16.350	-40.750	+29.015	+9278.000
# 8636
c	-12.583	+30.055	+33.917	+30324.000
d	+11.275	-48.255	-40.625	+75412.000
# 8702
b	+8.650	+13.150	+21.215	+21167.000
d	-10.700	-25.895	-44.300	+42168.000
# 8633
a	-19.300	-9.650	-30.575	+75859.000
b	+20.379	+2.436	+22.255	+76421.000
# 8763
c	-10.350	+40.975	+7.250	+164.000
d	+10.550	-43.575	-5.250	+14270.000
# 8695
a	+11.217	+10.683	-21.215	+17309.000
b	-15.550	-18.600	+26.935	+87452.000
# 8801
a	-6.383	-13.017	-36.295	+46633.000
d	-19.950	-30.055	-25.550	+1224.000
# 8667
c	+4.559	+26.935	-12.959	+98378.000
d	-5.750	-29.535	+5.075	+109419.000
# 8877
a	-9.950	+11.850	-32.135	+96.000
b	+11.500	-12.850	+38.895	+13541.000
# 8858
a	-9.650	+32.850	-20.695	+6859.000
d	-5.100	-24.335	+0.650	+91654.000
# 8922
a	+13.550	-4.200	-24.335	+15450.000
b	-19.450	+5.900	+35.255	+60797.000
# 8961
c	-14.750	+34.215	+2.050	+107.000
d	-3.483	-29.015	-0.617	+54669.000
# 8989
c	-10.390	+26.935	+16.330	+64920.000
d	+3.050	-30.055	-5.750	+1633.000
# 8934
c	+20.300	+36.295	+42.150	+53987.000
d	-13.400	-23.295	-26.450	+34514.000
# 8895
a	-6.200	+6.600	-31.095	+49891.000
b	+8.190	-9.270	+33.695	+18574.000
# 8802
c	-14.850	+48.255	-12.200	+79783.000
d	+6.664	-21.735	+6.364	+94821.000
# 8974
c	-8.850	+25.375	+7.650	+15755.000
d	+10.800	-30.055	-11.150	+24155.000
# 8988
a	-19.250	-11.800	-39.415	+6828.000
b	+11.950	-3.900	+22.255	+51253.000
# 8993
a	-7.375	+10.675	-29.535	+83734.000
b	+5.350	-8.350	+20.175	+33988.000
# 8975
c	+0.300	+20.695	+14.400	+71886.000
d	-1.083	-20.175	-11.417	+56734.000
# 9109
b	+2.250	-1.050	+39.415	+1475.000
d	+15.850	-43.055	+1.350	+6705.000
# 9129
c	+17.450	+34.215	+2.900	+55064.000
d	-13.600	-26.935	-1.750	+4172.000
# 9102
a	+17.117	+12.217	-38.895	+43261.000
b	-15.650	-21.850	+45.655	+2957.000
# 9090
a	+0.850	-9.450	-37.335	+21623.000
b	+0.030	+6.690	+30.055	+71460.000
# 9064
a	+5.950	-8.550	-20.175	+5684.000
d	+17.525	-20.695	-14.525	+115895.000
# 9183
c	-21.950	+26.415	+0.450	+676.000
d	+15.650	-37.855	-21.950	+4095.000
# 9130
a	+22.050	+20.150	-28.495	+6968.000
b	-16.600	-13.650	+23.815	+74921.000
# 8978
b	-1.350	+13.283	+22.255	+112514.000
d	+3.283	-24.855	-41.517	+111701.000
# 9117
c	+17.350	+21.735	+1.450	+36379.000
d	-16.450	-24.335	-5.850	+45817.000
# 9196
b	+3.950	+11.550	+42.015	+24491.000
d	-14.050	-23.295	-29.350	+300.000
# 9191
c	-5.100	+25.895	+5.250	+22900.000
d	+19.583	-44.095	-16.783	+4109.000
# 9131
c	-16.450	+23.295	+42.200	+956.000
d	+16.400	-21.215	-45.250	+110294.000
# 9181
c	+17.950	+36.815	-2.100	+32319.000
d	-17.350	-33.175	+6.350	+29929.000
# 9189
c	+4.775	+27.455	+10.238	+89453.000
d	-3.300	-27.455	-13.000	+16534.000
# 9218
c	-6.250	+34.735	+23.350	+30298.000
d	+6.230	-39.415	-23.310	+50284.000
# 9354
c	+5.650	+24.855	+27.750	+9891.000
d	+8.650	-20.175	-32.550	+4876.000
# 9228
a	-5.450	+23.800	-22.255	+66040.000
d	+2.000	-22.775	+12.450	+29033.000
# 9348
a	+3.375	-11.475	-46.175	+39580.000
b	-1.370	+5.370	+20.175	+43896.000
# 9405
a	+4.050	-5.500	-23.295	+14443.000
d	+9.800	-25.895	-2.350	+2261.000
# 9363
a	+12.150	-6.150	-22.775	+39915.000
b	-14.917	+8.817	+29.015	+43678.000
# 9373
b	+6.000	-42.550	+37.855	+3073.000
c	+6.283	+27.975	-13.317	+87497.000
# 9402
b	-3.183	+9.217	+23.295	+37428.000
d	+10.250	-22.775	-2.050	+6894.000
# 9443
c	+18.000	+23.295	+6.500	+7144.000
d	-21.650	-29.535	-4.450	+666.000
# 9352
c	-11.900	+36.295	+34.200	+43212.000
d	+7.336	-24.855	-32.979	+85043.000
# 9372
a	+8.800	+20.150	-30.575	+61476.000
b	-9.707	-19.821	+33.175	+69171.000
# 9466
a	-5.500	+3.850	-36.295	+35051.000
b	+5.950	-5.500	+27.455	+20529.000
# 9473
c	-4.250	+30.575	+2.050	+3598.000
d	+5.150	-34.215	-5.000	+38980.000
# 9431
a	+12.550	-1.925	-49.815	+72057.000
b	-4.050	+5.650	+29.015	+27736.000
# 9469
a	-2.650	-6.950	-20.695	+51678.000
c	-17.350	+20.175	+15.650	+20303.000
# 9491
a	-4.017	+21.117	-25.375	+10694.000
b	+6.030	-24.310	+20.695	+75936.000
# 9516
a	-11.883	+34.717	-21.215	+37683.000
d	-7.950	-22.775	+1.850	+15972.000
# 9509
c	-13.100	+49.815	+28.600	+33366.000
d	+10.150	-27.975	-21.200	+41305.000
# 9480
b	+9.917	+4.833	+30.055	+100859.000
d	+1.500	-20.695	-28.900	+7871.000
# 9565
a	+3.100	+18.250	-24.335	+24382.000
b	+14.050	-34.950	+35.255	+19935.000
# 9508
a	-16.400	+26.000	-44.615	+64190.000
b	+15.750	-24.650	+34.215	+1219.000
# 9570
c	-18.850	+21.215	+0.250	+36152.000
d	+6.550	-39.415	-32.450	+17583.000
# 9622
c	+5.250	+24.335	-6.100	+9404.000
d	-6.450	-25.375	+9.550	+17954.000
# 9606
b	+0.450	-42.250	+31.095	+19138.000
c	+2.233	+30.575	-5.450	+31563.000
# 9663
a	+8.850	-6.500	-40.975	+3557.000
d	-15.300	-22.775	-38.950	+7940.000
# 9636
b	+11.050	-21.550	+27.975	+1404.000
c	+18.450	+23.815	+8.100	+50602.000
# 9597
c	+9.639	+24.335	+17.761	+101772.000
d	-13.850	-30.575	-19.950	+16962.000
# 9629
a	-3.067	+23.767	-25.895	+91255.000
b	+5.850	-21.950	+29.535	+836.000
# 9545
c	-13.383	+20.175	+8.367	+65153.000
d	+19.230	-29.015	-15.010	+111829.000
# 9729
c	-12.900	+34.215	+12.050	+3154.000
d	+5.625	-31.095	-10.525	+72973.000
# 9704
c	-9.750	+29.535	-5.700	+18375.000
d	+10.250	-30.575	+6.350	+53274.000
# 9746
c	+11.000	+41.495	+30.250	+72501.000
d	+4.850	-29.535	-19.050	+16601.000
# 9688
a	+20.230	-1.430	-37.335	+87956.000
b	-16.475	+1.325	+30.575	+110203.000
# 9725
b	+17.407	-26.093	+25.375	+87211.000
c	-5.100	+24.855	-7.200	+52303.000
# 9803
a	-13.850	+34.400	-48.775	+39739.000
b	+8.383	-20.167	+26.415	+59421.000
# 9913
c	+2.283	+24.855	+17.883	+26807.000
d	-6.950	-21.735	-21.150	+4658.000
# 9916
c	-9.550	+47.215	+31.500	+2990.000
d	+5.250	-24.855	-12.250	+29717.000
# 9915
a	-21.900	+15.650	-24.855	+23638.000
d	-5.550	-20.175	-14.550	+995.000
# 9945
a	+3.050	-0.600	-30.055	+2479.000
b	+12.000	+5.300	+42.015	+42948.000
# 9930
b	-5.875	-29.175	+25.895	+67507.000
d	-12.600	-26.935	+3.500	+22090.000
# 10013
c	+5.650	+20.695	+22.550	+37359.000
d	-13.450	-40.455	-41.500	+54770.000
# 10054
a	+6.800	+1.900	-25.895	+51495.000
b	-5.250	+5.350	+38.895	+14827.000
# 10063
a	-5.550	+2.500	-29.015	+32274.000
b	+9.650	-5.600	+44.095	+14342.000
# 10121
a	+14.350	+5.000	-20.175	+10855.000
b	-19.750	-8.250	+26.415	+10361.000
# 10059
a	-16.300	+36.600	-43.575	+71737.000
b	+12.150	+10.450	+25.895	+3566.000
# 10080
c	+9.850	+27.975	+5.800	+32916.000
d	-18.750	-49.295	-8.650	+15177.000
# 10075
c	+15.350	+31.615	-2.250	+22194.000
d	-7.250	-21.215	-3.221	+114067.000
# 10150
c	-16.950	+21.215	-2.200	+16564.000
d	+14.100	-47.215	-1.900	+13170.000
# 10115
c	-5.000	+30.055	+9.150	+41433.000
d	+5.150	-38.895	-12.500	+30105.000
# 10172
a	+1.550	+34.300	-24.335	+40969.000
b	-1.350	-30.550	+22.255	+11569.000
# 10146
a	-12.850	-5.550	-27.975	+3392.000
b	+14.517	+7.283	+34.735	+53997.000
# 10155
b	-0.600	-43.250	+45.655	+2988.000
c	+8.650	+21.735	-7.600	+55720.000
# 10174
b	-17.683	-7.517	+38.375	+50860.000
d	+1.350	-21.735	-27.250	+33614.000
# 10073
a	-5.700	-3.200	-26.415	+107061.000
b	+8.917	+2.317	+33.175	+56647.000
# 10233
a	+0.700	+16.050	-29.535	+2782.000
b	+0.450	-28.450	+40.455	+4414.000
# 10093
a	-19.679	+26.779	-30.055	+116359.000
b	+12.550	-24.000	+29.015	+13803.000
# 10246
c	+9.950	+37.335	+16.050	+6369.000
d	-6.850	-33.695	-18.050	+2903.000
# 10207
a	+15.750	+29.850	-25.375	+7660.000
b	-12.350	-27.600	+23.815	+64527.000
# 10203
b	+12.300	-7.350	+33.695	+90761.000
d	+7.200	-28.495	-17.450	+3080.000
# 10258
c	-5.150	+30.575	-13.950	+26322.000
d	+3.450	-22.255	+13.150	+20622.000
# 10189
c	+6.317	+34.735	-0.283	+28875.000
d	-4.038	-23.815	-1.013	+102115.000
# 10331
c	-4.450	+41.495	+1.150	+15215.000
d	-20.250	-37.855	-23.000	+6161.000
# 10343
c	-7.200	+22.775	-5.900	+31199.000
d	+15.850	-47.735	+10.650	+1978.000
# 10305
b	-15.850	+12.350	+29.015	+35155.000
c	+18.250	+23.815	-12.450	+30368.000
# 10325
a	-11.500	+35.650	-48.255	+41774.000
b	+4.950	-12.000	+21.215	+34507.000
# 10409
b	-11.450	+10.850	+20.175	+639.000
c	-5.650	+21.215	+15.750	+13383.000
# 10262
a	+8.683	+11.183	-25.375	+71029.000
b	-17.150	-19.290	+33.695	+83717.000
# 10351
c	-16.250	+21.215	+3.100	+42182.000
d	+21.017	-27.975	-4.900	+89630.000
# 10477
b	+17.100	-17.375	+22.255	+35965.000
d	+6.650	-23.295	+6.150	+3080.000
# 10553
c	+9.510	+24.335	+13.330	+79915.000
d	+16.550	-21.215	-5.850	+3064.000
# 10482
c	+2.183	+45.655	+3.783	+53221.000
d	-1.300	-35.775	-4.700	+48143.000
# 10631
c	+3.610	+24.335	-7.350	+34223.000
d	-1.850	-41.495	+9.550	+4153.000
# 10539
c	-6.410	+26.415	-7.630	+93437.000
d	+16.417	-46.175	+1.383	+49801.000
# 10630
c	+2.050	+26.935	-5.250	+2817.000
d	+12.083	-21.735	-12.183	+43258.000
# 10671
a	+0.250	+24.150	-31.615	+3740.000
b	-1.750	-11.750	+20.695	+6523.000
# 10569
a	-19.570	-7.950	-36.815	+135459.000
b	+15.600	+8.050	+33.695	+28226.000
# 10756
a	-8.250	+37.650	-21.215	+15197.000
d	-20.150	-32.135	-29.550	+2229.000
# 10717
b	-6.150	-1.400	+46.175	+18639.000
d	+15.700	-30.055	-16.250	+31122.000
# 10689
a	+5.650	-0.100	-21.735	+59325.000
b	-5.017	-0.483	+21.215	+17827.000
# 10714
c	-4.850	+26.935	+14.350	+7273.000
d	+6.750	-27.975	-14.190	+52668.000
# 10738
c	-13.750	+26.415	-13.450	+32203.000
d	+12.550	-23.815	+7.750	+27934.000
# 10603
c	+9.050	+25.375	+21.833	+71320.000
d	-20.964	-50.855	-41.536	+99462.000
# 10634
a	+12.300	-12.950	-24.335	+75892.000
c	-18.993	+21.215	+39.593	+111872.000
# 10734
c	+2.500	+26.935	-1.950	+35859.000
d	-3.450	-27.455	+5.350	+63252.000
# 10747
a	+8.425	-7.775	-33.175	+77902.000
b	-11.450	+3.425	+30.575	+87319.000
# 10823
c	-20.100	+26.415	+21.850	+11133.000
d	+20.483	-26.935	-21.783	+48307.000
# 10834
a	+15.383	+1.917	-34.735	+38997.000
b	-14.317	-4.583	+33.695	+24020.000
# 10685
c	+6.572	+44.615	+40.528	+107131.000
d	-2.650	-21.735	-34.250	+60455.000
# 10928
a	+7.350	+17.500	-25.895	+19778.000
b	-7.100	-13.400	+20.175	+14482.000
# 10892
c	-11.050	+25.895	+3.550	+5756.000
d	+17.583	-41.495	-0.117	+54727.000
# 10897
c	+8.010	+24.335	+4.350	+81925.000
d	-15.700	-43.575	-3.650	+44602.000
# 10951
a	+1.050	+37.850	-44.615	+33596.000
d	+20.700	-21.735	+3.650	+23764.000
# 11001
b	-2.400	-26.750	+27.975	+3633.000
c	-1.300	+21.735	+25.700	+50200.000
# 10925
c	-15.200	+47.215	+39.650	+68258.000
d	+11.750	-37.855	-31.300	+39170.000
# 11018
a	-8.300	+5.950	-43.575	+46704.000
b	+3.500	-7.400	+20.175	+9751.000
# 10998
c	-6.510	+21.735	+14.690	+32795.000
d	+12.500	-47.735	-18.150	+23666.000
# 11052
c	+10.500	+27.455	-11.700	+16238.000
d	-5.000	-21.215	+1.200	+30374.000
# 11048
a	-11.550	+6.950	-20.695	+25450.000
b	+20.583	-12.717	+34.215	+14778.000
# 11133
c	-5.550	+26.415	+5.950	+16253.000
d	+6.850	-39.415	-9.950	+5369.000
# 11088
a	+10.250	+9.350	-30.055	+15696.000
b	+4.700	-5.700	+23.815	+15030.000
# 11098
c	+3.700	+31.095	+8.300	+30692.000
d	-7.650	-24.335	-40.150	+25505.000
# 11105
c	+2.083	+27.455	+17.417	+20248.000
d	-2.150	-49.295	-35.000	+49934.000
# 11160
a	+10.400	+6.850	-34.215	+12575.000
b	-4.583	+1.717	+36.815	+32559.000
# 11124
c	+3.800	+28.495	-5.750	+60276.000
d	-2.825	-22.775	+4.225	+48917.000
# 11165
c	+7.150	+22.255	+17.650	+9866.000
d	-8.750	-30.575	-25.150	+35466.000
# 11151
b	+20.150	+3.250	+49.815	+8776.000
d	-13.875	-34.215	-42.525	+88622.000
# 11212
a	+0.100	+17.950	-23.815	+26059.000
c	-10.950	+20.175	-10.400	+26110.000
# 11139
a	-1.700	+28.350	-20.175	+56022.000
d	-6.750	-47.215	+11.300	+65140.000
# 11130
a	+10.283	+20.017	-32.655	+14172.000
b	-3.275	+8.300	+27.975	+96833.000
# 11152
a	-0.017	-7.967	-33.175	+70578.000
b	+0.070	+4.770	+20.695	+89054.000
# 11250
a	+9.200	-13.050	-34.735	+14964.000
d	+9.050	-23.815	-34.650	+5534.000
# 11239
c	-16.900	+22.255	+6.750	+64865.000
d	+17.350	-22.775	-6.450	+21230.000
# 11210
a	-12.050	-8.300	-38.895	+105630.000
c	+18.050	+27.455	+39.150	+3907.000
# 11167
b	-7.161	+10.961	+22.255	+50939.000
d	+13.717	-21.215	-42.867	+90837.000
# 11298
b	+9.050	-20.200	+22.255	+21030.000
d	-22.050	-32.655	-8.950	+9171.000
# 11312
a	-8.700	+13.250	-34.215	+23665.000
b	-9.050	-21.450	+30.575	+24143.000
# 11315
b	+3.517	-30.317	+30.055	+23641.000
c	+1.400	+20.175	-10.250	+46470.000
# 11278
c	-10.593	+34.735	+17.721	+90628.000
d	+10.650	-33.695	-19.350	+1876.000
# 11335
a	-7.450	+10.550	-20.695	+22381.000
b	+6.817	-8.983	+26.415	+45206.000
# 11382
a	+2.450	+7.950	-24.335	+16778.000
b	-2.050	-6.950	+24.855	+3915.000
# 11386
b	+0.900	+3.250	+34.215	+36784.000
c	+7.050	+21.735	+37.500	+21699.000
# 11352
c	+7.500	+29.015	+27.250	+38645.000
d	-7.150	-23.295	-20.800	+74784.000
# 11387
c	+17.110	+26.415	+14.730	+89063.000
d	-14.450	-25.895	-17.350	+20049.000
# 11467
a	+0.150	+28.300	-48.775	+12264.000
b	-4.500	+3.450	+31.095	+76892.000
# 11481
c	-3.850	+35.255	+1.850	+496.000
d	+2.650	-29.535	+1.400	+69130.000
# 11485
a	+4.150	+8.550	-21.735	+27652.000
d	+20.400	-34.735	+4.500	+72394.000
# 11500
a	+13.175	+34.400	-20.695	+110654.000
b	-7.600	-18.050	+22.775	+2955.000
# 11589
a	-4.100	-0.150	-21.215	+38934.000
b	+11.550	-3.650	+46.695	+22699.000
# 11555
a	+6.900	+9.800	-23.815	+83650.000
b	-7.900	-16.150	+35.255	+32281.000
# 11703
a	-2.050	-11.850	-48.775	+2909.000
b	+0.000	+5.450	+25.375	+20674.000
# 11575
a	-21.800	+5.200	-36.295	+24123.000
b	+4.379	-11.764	+39.935	+109269.000
# 11637
c	-7.613	+38.895	+0.913	+83370.000
d	+4.800	-27.455	+0.450	+5783.000
# 11699
a	-4.850	+34.500	-32.655	+38292.000
b	+5.683	-40.617	+39.935	+25369.000
# 11693
c	+9.217	+38.895	+7.083	+29987.000
d	-7.500	-28.495	-3.650	+44699.000
# 11680
c	+16.030	+31.095	-4.910	+76918.000
d	+9.100	-20.695	+9.450	+38756.000
# 11841
b	+2.650	+12.550	+22.775	+3876.000
c	+21.650	+23.815	+38.250	+158.000
# 11715
a	-3.800	+45.750	-47.215	+1368.000
b	+3.800	-40.450	+37.855	+93460.000
# 11641
c	+3.607	+47.735	+25.679	+105126.000
d	-2.850	-44.615	-26.100	+73964.000
# 11767
a	-14.525	+10.275	-44.095	+54594.000
b	+9.217	-6.617	+26.415	+41366.000
# 11855
c	-14.400	+35.255	-13.250	+56820.000
d	+8.650	-22.255	+10.400	+12136.000
# 11761
a	-12.267	+0.950	-27.975	+90508.000
b	+10.500	-1.400	+23.295	+79129.000
# 11959
c	+1.350	+48.255	+24.100	+8565.000
d	-0.450	-38.375	-20.200	+10119.000
# 11849
c	+10.200	+47.215	+7.200	+93644.000
d	-5.800	-27.455	-4.750	+29583.000
# 11940
b	-6.070	+2.890	+21.215	+46090.000
d	-10.350	-26.935	+0.850	+3734.000
# 11917
a	+11.200	-6.450	-40.455	+39571.000
b	-9.250	+13.000	+36.295	+15274.000
# 11965
a	+20.250	+18.650	-26.415	+72645.000
b	-16.950	-13.150	+23.295	+491.000
# 11996
c	+13.650	+30.575	-7.350	+4.000
d	-6.683	-24.855	+8.917	+14863.000
# 12012
a	-14.312	+9.675	-32.135	+58118.000
b	+13.250	-7.700	+33.175	+2884.000
# 12013
a	+11.700	+35.050	-34.215	+52877.000
b	+10.150	-41.100	+26.415	+40178.000
# 11990
b	+19.010	-3.910	+34.735	+71923.000
c	+10.550	+30.055	+42.200	+39409.000
# 12083
c	+20.450	+36.815	-0.850	+9351.000
d	-13.750	-22.255	+4.050	+30611.000
# 12098
a	+16.350	+31.150	-29.015	+11169.000
b	-8.100	-19.350	+29.015	+29521.000
# 12093
a	+7.350	+14.950	-34.215	+7330.000
b	-7.338	-19.037	+34.215	+73418.000
# 12086
a	+14.350	-12.750	-23.815	+161.000
c	-18.610	+27.455	+38.330	+74015.000
# 12157
a	+16.600	+20.900	-20.175	+15122.000
b	-12.050	-24.350	+27.975	+2972.000
# 12126
c	-7.950	+24.855	-0.450	+57537.000
d	+12.300	-39.415	+2.850	+20745.000
# 12076
b	+6.600	+6.150	+24.335	+31734.000
d	-5.400	-22.775	-7.850	+64572.000
# 12169
c	-9.850	+26.935	-1.700	+12864.000
d	+17.250	-45.135	-1.350	+39314.000
# 12266
b	-17.050	-9.050	+38.375	+458.000
d	+20.050	-22.255	-17.900	+1781.000
# 12236
a	-13.350	+17.300	-24.855	+13742.000
b	-1.183	-9.617	+47.735	+31467.000
# 12116
c	-7.700	+41.495	+28.250	+42714.000
d	+4.800	-21.215	-16.125	+77478.000
# 12064
a	+12.879	+30.893	-43.575	+124446.000
b	-4.270	-20.590	+30.575	+69595.000
# 12264
a	-17.700	+20.300	-33.175	+58584.000
b	+9.350	-10.700	+21.735	+5060.000
# 12348
a	-6.000	-12.050	-29.535	+26314.000
b	+4.250	+12.350	+29.535	+1069.000
# 12190
a	-8.680	-0.810	-20.175	+104554.000
b	+21.000	-1.300	+36.815	+39960.000
# 12357
c	-17.450	+33.695	-13.500	+29105.000
d	+11.550	-22.775	+10.850	+20314.000
# 12391
c	+17.850	+29.535	-5.050	+3701.000
d	-20.183	-36.815	+11.517	+11143.000
# 12442
a	+17.850	-12.900	-35.775	+46538.000
b	-12.850	+10.250	+26.415	+8667.000
# 12419
c	-11.800	+29.535	+17.950	+11087.000
d	+5.783	-22.255	-9.983	+69732.000
# 12557
a	-12.900	+45.600	-31.095	+35451.000
c	+0.350	+23.295	-1.150	+4547.000
# 12586
a	+10.417	-1.283	-21.735	+33342.000
b	-19.050	-5.550	+25.375	+3613.000
# 12560
b	-7.650	+11.050	+31.615	+18241.000
d	+18.200	-24.855	-13.500	+36679.000
# 12594
c	-6.800	+45.655	+24.850	+30127.000
d	+15.850	-29.015	+1.650	+23563.000
# 12534
a	-14.517	-7.017	-49.295	+78530.000
b	+2.600	+13.350	+26.935	+37688.000
# 12556
a	+17.250	+7.900	-34.215	+78372.000
b	-9.250	-2.950	+22.255	+11546.000
# 12615
a	-15.017	+6.683	-30.575	+67835.000
c	+0.050	+37.335	-10.750	+4583.000
# 12572
a	-2.637	+4.175	-27.455	+124273.000
d	-17.450	-23.295	-12.550	+4402.000
# 12725
c	-13.450	+30.055	+33.650	+13368.000
d	+3.750	-26.415	-44.700	+55394.000
# 12687
c	-15.650	+26.415	+6.550	+13985.000
d	+14.938	-26.415	-8.688	+103489.000
# 12754
a	+8.850	+13.950	-33.695	+17103.000
b	-9.350	-11.600	+35.255	+37866.000
# 12762
a	+14.200	+7.000	-21.215	+35167.000
b	-16.750	-10.150	+22.775	+33020.000
# 12809
b	-8.750	+11.550	+27.455	+19361.000
d	+3.350	-20.175	-36.600	+44096.000
# 12820
a	-8.350	+19.550	-20.175	+23431.000
b	-1.110	-19.110	+26.415	+60635.000
# 12952
a	-3.350	+4.400	-30.055	+10382.000
b	+2.317	-3.383	+21.735	+64671.000
# 12972
b	-2.600	+4.550	+24.855	+4499.000
c	+17.817	+27.455	-8.217	+73004.000
# 12980
c	+6.817	+47.735	+23.317	+24643.000
d	-3.236	-21.215	-10.721	+87286.000
# 13026
c	+14.050	+29.535	+6.700	+62378.000
d	-16.350	-31.095	-3.950	+31824.000
# 13185
c	-10.250	+20.695	+22.100	+9636.000
d	+15.850	-31.615	-36.450	+5603.000
# 13239
a	+6.350	+20.950	-29.015	+4445.000
b	-9.250	-25.750	+40.975	+12575.000
# 13225
a	-1.650	+41.350	-41.495	+21254.000
b	-11.650	+8.150	+20.695	+14310.000
# 13277
a	-6.250	+20.750	-28.495	+3674.000
b	+14.450	-44.150	+50.335	+5998.000
# 13253
a	+10.500	+4.350	-35.255	+7015.000
b	-7.500	-3.150	+33.695	+20916.000
# 13160
c	+17.470	+30.055	-6.530	+112825.000
d	-21.600	-26.935	+9.950	+25466.000
# 13134
c	+8.617	+23.815	+19.017	+105028.000
d	-14.083	-39.415	-38.583	+50973.000
# 13311
a	-8.050	-6.200	-20.175	+20402.000
b	+16.550	-25.950	+24.855	+1838.000
# 13333
a	+20.550	+12.500	-48.775	+9565.000
b	-13.850	-11.150	+31.615	+594.000
# 13216
a	+2.750	+12.100	-35.775	+43681.000
b	-3.010	-16.530	+43.055	+83588.000
# 13249
b	+8.467	-1.333	+27.455	+80184.000
c	+18.750	+21.215	+3.450	+22157.000
# 13265
a	-11.500	+43.550	-20.175	+40636.000
b	-9.870	-9.310	+33.175	+51430.000
# 13344
a	-11.050	+27.350	-44.095	+27871.000
d	+2.750	-23.295	+6.550	+17406.000
# 13361
a	+17.550	+11.650	-48.255	+3635.000
b	-18.050	-8.700	+30.055	+29460.000
# 13307
c	-2.150	+27.975	+13.500	+58968.000
d	-4.217	-20.695	-24.983	+14960.000
# 13355
a	+1.950	+25.400	# -20.695	13298
+43518.000
c	-16.150	+31.095	 -20.695	13298
a	-16.150	+31.095	+12.450	+22423.000
-12.783	-7.183	-36.815	+31336.000
b	+6.900	+8.000	+39.935	+73185.000
# 13292
a	-1.762	+10.738	-39.415	+111078.000
b	+15.950	-18.950	+44.095	+28903.000
# 13372
b	+18.300	-7.550	+24.855	+21395.000
d	-7.683	-24.335	+1.883	+39073.000
# 13345
c	-13.717	+39.415	+35.183	+51117.000
d	+8.900	-21.735	-20.800	+39375.000
# 13317
a	+16.017	+4.950	-42.015	+37627.000
b	-17.200	-4.300	+44.615	+77042.000
# 13409
a	-3.100	+41.450	-25.375	+44459.000
b	+2.100	-32.550	+21.215	+26847.000
# 13389
a	-3.970	+21.370	-39.415	+85045.000
b	-17.850	+3.650	+29.015	+13305.000
# 13435
a	+18.125	+45.325	-22.775	+68028.000
d	-9.300	-22.255	+11.850	+9270.000
# 13459
b	+3.450	-31.250	+20.175	+50658.000
c	+12.917	+31.095	-2.283	+4805.000
# 13428
a	-2.375	+13.150	-26.935	+64748.000
b	+1.070	-8.110	+21.215	+45093.000
# 13523
a	+14.550	+11.150	-30.055	+9293.000
b	-17.450	-2.050	+30.575	+11084.000
# 13513
a	-2.050	+7.100	-39.415	+55689.000
b	-6.050	-19.350	+22.255	+624.000
b	-6.050	-19.350	+22.255	+624.000
# 13512
a	+1.050	+31.050	-31.095	+4533.000
b	+0.350	-28.050	+22.775	+40537.000
# 13427
a	+21.575	+20.025	-36.295	+67794.000
b	-14.650	-29.893	+42.015	+62084.000
# 13498
a	+17.083	+8.417	-43.575	+30676.000
b	-5.217	-1.283	+20.175	+20529.000
# 13544
b	+22.050	-8.650	+21.735	+1216.000
d	-8.900	-30.055	-5.400	+37215.000
# 13623
a	+0.550	+31.100	-31.615	+3032.000
b	-3.350	-40.050	+40.455	+459.000
# 13474
c	-1.270	+35.255	-12.870	+114521.000
d	+0.270	-23.295	+11.010	+71408.000
# 13575
a	-2.850	+3.900	-42.535	+3689.000
b	-11.183	-13.117	+22.775	+48201.000
# 13576
a	-6.950	+26.750	-26.415	+20622.000
b	+3.850	-17.050	+20.175	+76748.000
# 13555
c	+18.600	+25.375	+12.900	+66317.000
d	-12.900	-22.775	-11.350	+47589.000
# 13634
c	-11.850	+36.815	+2.650	+12073.000
d	+7.133	-22.255	+1.217	+45645.000
# 13677
c	+12.150	+45.655	+6.950	+3113.000
d	+19.850	-40.975	-26.400	+59632.000
# 13753
a	-2.350	+31.750	-31.095	+7511.000
c	-5.350	+20.175	-13.450	+7489.000
# 13754
b	+12.870	+10.690	+29.535	+33024.000
d	-4.600	-36.295	-12.650	+6999.000
# 13676
c	-9.750	+41.495	+22.300	+35354.000
d	-4.717	-21.735	-5.883	+73903.000
# 13809
b	+12.350	-10.550	+23.295	+575.000
c	+1.650	+20.695	-9.450	+8561.000
# 13795
a	-15.150	-5.050	-30.055	+21282.000
b	+9.150	+3.950	+21.735	+8768.000
# 13726
a	-19.117	+45.917	-45.655	+52889.000
b	+2.550	-34.300	+37.855	+53010.000
# 13803
c	-17.450	+24.335	+3.950	+35526.000
d	+21.283	-29.535	-6.383	+30331.000
# 13729
c	-16.783	+23.295	+3.417	+80202.000
d	+18.150	-25.375	+0.500	+42240.000
# 13769
a	-7.390	+5.830	-21.735	+113599.000
b	+12.350	-14.800	+47.215	+21241.000
# 13922
a	-18.350	+7.050	-32.135	+3628.000
c	-0.700	+21.215	-2.950	+19775.000
# 13982
c	-3.050	+23.295	+9.200	+18226.000
d	+5.250	-33.695	-15.050	+15898.000
# 13953
c	-7.250	+20.175	+2.750	+3573.000
d	+7.300	-22.255	-0.750	+51011.000
# 13892
c	+4.770	+39.415	-4.130	+30953.000
d	-3.917	-23.295	+5.417	+67110.000
# 13946
a	-10.500	+7.800	-33.695	+45014.000
b	+14.600	-10.550	+45.135	+35525.000
# 13917
a	+2.050	-2.725	-20.175	+82766.000
b	-2.150	+1.550	+29.535	+7386.000
# 13947
a	-5.550	+13.850	-21.735	+14888.000
b	+18.017	-26.383	+23.295	+76579.000
# 14027
a	-14.050	+2.550	-34.735	+21479.000
b	+17.400	-1.650	+46.695	+16474.000
# 13974
c	+16.550	+32.655	+11.050	+49979.000
d	-21.575	-44.095	-15.175	+86174.000
# 13995
a	-12.425	-8.675	-31.095	+64234.000
b	+11.000	+5.350	+21.735	+7035.000
# 14082
a	+1.800	+10.900	-24.855	+21666.000
c	+3.950	+20.695	+14.450	+5378.000
# 14168
b	-6.450	+4.550	+34.215	+19155.000
c	-11.050	+21.735	+11.100	+1739.000
# 14105
c	-13.400	+23.815	+11.550	+64757.000
d	+13.650	-23.295	-13.300	+26882.000
# 14122
a	-13.850	-13.200	-26.415	+47876.000
b	+10.283	+9.683	+20.175	+61936.000
# 14138
a	-13.850	+24.450	-28.495	+94060.000
b	-12.650	+3.700	+31.615	+8054.000
# 14155
a	-13.736	+27.207	-27.975	+119502.000
b	+1.650	-7.050	+20.695	+9786.000
# 14164
a	+15.050	-7.300	-32.135	+42925.000
d	+12.883	-25.895	-42.583	+50290.000
# 14207
a	+1.350	+4.500	-28.495	+40627.000
b	-4.550	-8.400	+29.535	+24431.000
# 14276
a	+0.950	-13.050	-30.055	+2632.000
b	-1.317	+12.883	+22.255	+52762.000
# 14243
c	+14.950	+26.935	+12.900	+12911.000
d	-14.000	-27.975	-14.800	+63701.000
# 14261
a	-18.300	-10.550	-32.135	+57131.000
d	-5.950	-20.175	-43.450	+27865.000
# 14369
c	-17.850	+21.735	+26.500	+2654.000
d	+13.200	-34.215	-1.750	+13371.000
# 14405
c	+4.650	+22.255	+14.750	+4083.000
d	-9.350	-34.735	-19.100	+4108.000
# 14287
a	-0.210	+34.270	-23.295	+66669.000
b	+0.517	-31.183	+20.695	+54730.000
# 14417
a	# 14372
a	# 14372
-9.000	+5.000	-29.015	+20834.000
b	+7.850	-2.550	+32.655	+7.883	+15938.000
-22.775	+41888.000
c	+14.517	+26.415	+32.583	+57554.000
# 14477
c	+7.983	+27.975	+26.983	+25543.000
d	-9.150	-30.055	-28.450	+304.000
# 14432
b	-3.850	-15.700	+26.415	+477.000
c	-16.400	+31.615	+5.900	+36711.000
# 14283
a	-0.883	+8.917	-20.175	+73744.000
b	+0.350	-13.436	+40.975	+127818.000
# 14498
a	-7.150	+20.450	-20.695	+2100.000
b	+9.150	-30.650	+30.055	+16691.000
# 14419
c	+19.300	+46.695	-7.100	+45130.000
d	-13.717	-30.575	+7.083	+49210.000
# 14460
c	-8.436	+21.215	+0.364	+97739.000
d	+15.000	-37.855	-3.950	+14225.000
# 14481
c	+6.650	+27.455	+5.200	+55740.000
d	-9.950	-32.655	-2.250	+17988.000
# 14521
a	-19.117	+32.617	-21.215	+56556.000
b	+21.600	-22.450	+24.855	+5223.000
# 14486
c	-4.350	+22.775	-7.464	+90506.000
d	+4.650	-22.255	+1.500	+14003.000
# 14497
a	+3.150	+12.550	-38.375	+4441.000
b	-2.433	-15.950	+38.375	+67849.000
# 14532
a	-3.300	+7.400	-49.815	+53549.000
b	+3.110	-7.590	+37.855	+22419.000
# 14567
a	-17.950	+6.350	-26.935	+14935.000
b	+18.783	-7.783	+22.255	+67035.000
# 14590
b	-10.250	+1.950	+24.855	+440.000
d	-21.400	-36.815	-28.250	+35905.000
# 14600
c	+11.700	+28.495	-13.600	+44208.000
d	+2.450	-29.015	+7.850	+21306.000
# 14644
a	+10.350	+13.650	-23.815	+9389.000
b	-14.600	-17.250	+32.655	+7858.000
# 14617
a	+1.650	-1.400	-40.975	+22661.000
b	-2.100	+1.750	+42.535	+7605.000
# 14602
c	+17.200	+23.815	+24.950	+54709.000
d	-18.700	-21.735	-21.250	+21206.000
# 14625
c	+1.550	+49.295	-4.700	+17247.000
d	-1.590	-27.975	+4.670	+68152.000
# 14717
a	-15.250	-11.050	-44.095	+4997.000
b	+9.450	-4.550	+23.815	+26587.000
# 14720
a	-1.350	+28.950	-47.735	+28023.000
b	+5.100	-16.450	+30.055	+41638.000
# 14776
c	-6.400	+40.975	+26.450	+3990.000
d	+7.150	-43.055	-28.850	+1463.000
# 14705
c	+5.783	+34.215	+7.683	+75795.000
d	-5.683	-38.375	-10.517	+39953.000
# 14743
c	-6.000	+24.335	+17.850	+62067.000
d	-19.950	-27.455	-10.150	+21306.000
# 14643
a	-16.330	-13.910	-40.455	+87312.000
b	+19.675	-3.375	+22.255	+78088.000
# 14813
a	-8.250	-10.550	-20.695	+589.000
c	+18.517	+22.255	+44.083	+33441.000
# 14711
c	-16.900	+21.735	-6.250	+520.000
d	+17.150	-21.735	+6.700	+89401.000
# 14763
a	+10.150	+6.850	-32.655	+4868.000
b	-13.350	-12.075	+41.495	+75271.000
# 14712
c	+21.300	+40.975	+33.900	+74099.000
d	-21.230	-46.175	-40.390	+76162.000
# 14820
a	-11.910	+0.050	-30.575	+78898.000
b	+7.117	+1.317	+22.775	+7201.000
# 14868
a	-16.617	-1.817	-21.735	+72323.000
b	+18.450	+1.800	+24.335	+16541.000
# 14973
a	+1.750	+1.250	-20.175	+9490.000
c	-3.650	+25.375	-11.150	+15077.000
# 14914
c	-8.600	+38.375	+4.150	+43551.000
d	+4.583	-22.255	-0.417	+41712.000
# 14989
a	+3.950	+3.150	-29.015	+36829.000
b	-3.250	-3.850	+24.855	+19218.000
# 14994
c	-5.100	+40.975	+6.500	+39053.000
d	+2.550	-24.855	+1.050	+2599.000
# 14870
c	-7.936	+36.295	+32.979	+88409.000
d	-5.000	-33.695	-17.900	+62132.000
# 15014
a	-5.210	+0.270	-45.135	+39776.000
b	+2.183	+0.983	+24.855	+14458.000
# 14966
c	+0.417	+20.175	+1.083	+37900.000
d	+9.775	-27.455	-4.375	+68463.000
# 15039
b	-13.400	+13.250	+40.455	+13439.000
c	-17.830	+21.215	+29.990	+66112.000
# 14942
a	-2.312	+3.763	-23.815	+94318.000
b	+4.050	-2.000	+48.775	+43352.000
# 15124
c	+19.600	+45.135	+15.100	+23495.000
d	-20.150	-31.615	-26.750	+300.000
# 15078
c	-17.900	+26.935	+28.550	+80830.000
d	+11.500	-25.895	-44.500	+51231.000
# 15178
c	+19.217	+45.135	+25.217	+40161.000
d	-13.350	-34.735	-18.550	+8782.000
# 15119
c	+13.350	+30.575	-7.550	+5056.000
d	-11.090	-23.815	+8.130	+63849.000
# 15112
a	-20.000	+36.150	-28.495	+20090.000
b	+14.983	-27.617	+22.775	+63472.000
# 15147
c	+0.075	+22.255	+26.775	+71707.000
d	-0.300	-36.295	-42.650	+23029.000
# 15035
c	-21.375	+44.615	+11.425	+67609.000
d	+18.650	-37.335	-11.070	+62726.000
# 15175
a	+0.600	-6.050	-29.535	+2174.000
b	-0.817	+4.817	+21.215	+48700.000
# 15229
a	+7.450	+41.850	-22.775	+3592.000
c	+5.950	+26.935	-9.750	+7731.000
# 15230
c	+5.383	+35.255	+4.083	+14211.000
d	-7.550	-38.375	-0.850	+13299.000
# 15280
a	-12.650	+2.550	-25.895	+17935.000
b	+21.700	-2.950	+49.815	+10610.000
# 15247
b	+3.610	-3.230	+41.495	+103074.000
c	+15.150	+24.855	-8.650	+634.000
# 15239
a	-9.990	+16.230	-45.655	+86654.000
b	+8.917	-15.217	+37.855	+49423.000
# 15299
c	-10.330	+32.135	+9.690	+57461.000
d	+19.650	-40.975	-5.950	+47969.000
# 15332
a	+3.400	-8.750	-43.055	+47149.000
b	-2.817	+7.683	+42.535	+25044.000
# 15353
c	-3.850	+25.895	+13.600	+4872.000
d	-18.317	-31.615	+4.617	+78773.000
# 15414
b	+13.600	-21.300	+20.695	+7528.000
d	+10.450	-28.495	+9.650	+1610.000
# 15412
a	+10.950	-5.950	-24.335	+26290.000
b	-10.950	+4.950	+23.295	+6105.000
# 15262
a	+6.183	+4.733	-37.335	+87040.000
b	-4.479	+11.436	+35.255	+70124.000
# 15311
a	-7.317	+36.500	-23.815	+67111.000
b	+4.700	-26.050	+20.695	+107396.000
# 15421
a	+5.300	+23.100	-24.855	+54006.000
b	-6.150	-31.700	+30.575	+8872.000
# 15472
a	-0.450	+5.950	-20.175	+10834.000
c	-13.483	+20.175	-0.517	+21363.000
# 15381
a	+1.300	-0.700	-21.215	+16713.000
b	+18.770	-4.210	+27.975	+85345.000
# 15464
c	+1.450	+22.775	+9.050	+641.000
d	-4.425	-32.135	+1.025	+59920.000
# 15438
a	+7.300	-3.400	-37.335	+43182.000
b	-6.150	-3.350	+21.735	+19453.000
# 15453
a	+21.500	+31.100	-34.215	+77746.000
b	-20.050	-31.700	+31.615	+22395.000
# 15560
a	+16.500	+31.650	-27.975	+9716.000
b	-14.450	-31.050	+26.415	+1438.000
# 15480
a	-4.100	+10.900	-20.175	+16526.000
b	+6.500	-31.100	+28.495	+79391.000
# 15450
a	-0.250	+31.750	-40.975	+2236.000
b	+1.328	-24.406	+27.975	+116436.000
# 15497
c	+17.583	+31.095	-10.183	+52570.000
d	-15.050	-25.375	+6.400	+52114.000
# 15547
b	+9.950	-12.200	+21.215	+53515.000
c	-8.850	+21.735	+19.150	+21.000
# 15524
b	-6.217	+9.683	+23.815	+42799.000
d	+10.050	-24.855	-25.800	+46181.000
# 15572
a	+6.983	-0.817	-22.775	+18477.000
b	-14.050	-1.550	+44.615	+37975.000
# 15568
a	-21.030	+12.710	-21.215	+70110.000
b	+0.550	-0.450	+21.215	+30593.000
# 15599
a	+11.150	+28.450	-21.215	+23098.000
b	+5.600	+2.450	+35.255	+37305.000
# 15658
c	-10.350	+45.135	+8.600	+28211.000
d	+3.750	-21.735	-2.550	+11193.000
# 15639
a	+8.250	-10.133	-20.175	+92470.000
b	-9.500	+11.550	+23.295	+75903.000
# 15609
c	+2.950	+44.095	+36.600	+66217.000
d	-1.441	-21.215	-17.268	+134274.000
# 15734
c	+14.550	+28.495	+13.600	+14894.000
d	-5.879	-30.575	-7.679	+100760.000
# 15791
c	+16.350	+24.855	+25.700	+20341.000
d	-15.450	-22.255	-22.150	+3096.000
# 15752
c	+12.000	+44.615	-13.400	+17425.000
d	-5.500	-22.775	+9.500	+62877.000
# 15767
a	-2.250	+11.450	-45.135	+6236.000
b	-12.539	-25.328	+25.375	+82088.000
# 15851
a	-12.750	+4.800	-28.495	+62859.000
b	+19.050	-6.550	+45.655	+18906.000
# 15868
c	-13.000	+20.695	+10.150	+48816.000
d	+21.450	-34.215	-15.550	+3089.000
# 15912
c	+8.050	+30.575	+9.250	+2957.000
d	-6.750	-29.535	-10.950	+46868.000
# 15853
a	+9.550	-2.550	-24.335	+17003.000
b	-14.710	+2.350	+37.335	+90319.000
# 15952
a	+0.450	-5.150	-34.735	+4910.000
c	+21.400	+25.895	+5.700	+43539.000
# 15945
a	-6.500	+3.850	-22.775	+68287.000
c	+17.200	+37.855	+34.300	+12684.000
# 15861
a	+13.450	+11.200	-37.335	+57229.000
b	-13.300	-8.100	+20.695	+50623.000
# 15950
c	+3.150	+28.495	+13.900	+59830.000
d	-2.800	-29.535	-14.250	+20502.000
# 16097
c	-15.350	+21.735	-3.050	+2977.000
d	-10.850	-29.535	-20.650	+2953.000
# 16018
a	+13.650	+10.400	-34.215	+8278.000
b	-2.500	-24.550	+41.495	+78228.000
# 15962
c	-4.650	+26.935	+7.500	+51069.000
d	+8.225	-45.135	-13.550	+97516.000
# 16039
a	-9.983	 16066
b	-9.983	+15.517	-45.655	+22917.000
b	+8.783	-11.583	+10.417	+45.135	+47593.	00
+16051.000
c	-5.083	+27.975	-6.883	+74510.000
# 15997
a	-18.270	+1.690	-34.215	+65379.000
b	+14.400	-2.700	+21.735	+91804.000
# 16058
a	-10.450	+26.350	-35.775	+78042.000
d	+3.400	-21.735	+13.550	+62333.000
# 16172
a	-0.650	-3.950	-33.695	+19889.000
b	+3.000	+1.450	+30.055	+35090.000
# 16216
a	+16.550	-3.000	-32.655	+25701.000
b	-16.950	+5.050	+31.615	+2379.000
# 16269
c	+16.950	+20.175	-4.550	+17343.000
d	-20.750	-24.335	+5.950	+196.000
# 16250
c	-8.350	+21.215	+8.600	+50969.000
d	+12.750	-31.095	-15.400	+8719.000
# 16237
a	+10.130	+32.970	-25.375	+77707.000
b	-7.750	-19.750	+20.175	+60262.000
# 16300
c	+8.750	+35.775	+17.550	+10088.000
d	-13.083	-50.335	-22.583	+46212.000
# 16365
a	-9.250	+21.250	-22.255	+33450.000
b	+12.850	-29.400	+32.655	+13021.000
# 16266
c	-17.475	+50.855	+12.175	+87290.000
d	+12.600	-36.295	-8.400	+46488.000
# 16301
a	+13.000	-13.350	-37.855	+65699.000
b	+7.283	+9.717	+50.335	+63373.000
# 16433
a	+0.100	+4.950	-43.055	+3455.000
d	-3.950	-26.935	-12.350	+31209.000
# 16363
a	-21.000	+14.300	-24.855	+16115.000
c	+20.025	+22.255	+22.050	+110333.000
# 16495
a	-4.650	-13.250	-25.895	+11576.000
c	+3.450	+22.255	+42.650	+1434.000
# 16413
a	-2.136	-8.636	-26.935	+90973.000
b	+1.750	+7.600	+25.375	+9631.000
# 16423
a	+1.350	-1.100	-48.255	+32735.000
b	-1.125	+1.225	+21.735	+74250.000
# 16415
c	+15.600	+28.495	-10.750	+65637.000
d	-18.350	-39.935	+10.250	+67396.000
# 16477
a	+6.200	+30.600	-27.455	+62065.000
b	+2.800	-33.250	+27.975	+26219.000
# 16547
a	-18.750	+26.550	-33.175	+42122.000
b	+15.350	-3.650	+42.535	+8866.000
# 16489
b	-0.275	-14.075	+22.255	+88988.000
d	-7.250	-20.175	+10.650	+7002.000
# 16578
a	+4.250	-10.650	-39.415	+79.000
d	+3.100	-30.055	-18.300	+53732.000
# 16549
c	-3.250	+31.615	+23.450	+7452.000
d	+2.970	-37.335	-25.770	+92264.000
# 16527
a	-0.164	-9.664	-29.535	+81439.000
b	+7.317	+6.017	+24.335	+67049.000
# 16567
a	+2.063	+34.412	-20.175	+104551.000
d	-1.050	-24.855	+12.700	+74374.000
# 16576
c	-0.025	+32.655	+3.850	+114396.000
d	-8.750	-38.895	-1.350	+2425.000
# 16653
a	-1.650	-12.500	-35.255	+20591.000
d	-5.550	-20.695	-38.200	+47868.000
# 16705
b	+17.617	+9.917	+29.015	+53964.000
d	-12.400	-39.935	-37.650	+3417.000
# 16670
c	-16.300	+34.215	+4.900	+24333.000
d	+18.817	-38.895	-8.600	+85285.000
# 16702
c	-21.383	+32.135	-6.483	+28994.000
d	+17.817	-26.935	+2.017	+44036.000
# 16639
a	+16.150	+2.200	-29.535	+106669.000
b	-14.750	-3.150	+25.375	+3084.000
# 16732
a	-12.225	-10.825	-26.415	+50656.000
b	-4.050	-0.850	+26.935	+54117.000
# 16773
c	+7.100	+27.975	+26.350	+27206.000
d	-8.150	-21.215	-17.250	+24114.000
# 16734
a	-14.150	-1.700	-33.175	+54954.000
b	+17.700	+6.150	+50.855	+52769.000
# 16792
b	-20.950	-37.100	+36.815	+41930.000
d	+7.050	-33.175	-1.050	+504.000
# 16794
a	+0.650	+28.650	-23.815	+16546.000
b	+1.017	-20.883	+44.615	+35574.000
# 16887
c	-7.650	+24.335	+18.350	+86.000
d	+7.650	-23.295	-19.050	+221.000
# 16793
a	-2.450	+13.100	-25.895	+42205.000
b	+2.917	-17.183	+39.935	+66385.000
# 16867
c	-13.850	+44.095	+1.850	+5461.000
d	+12.350	-35.775	-0.700	+59620.000
# 16884
c	-4.550	+24.855	+22.650	+4251.000
d	+12.350	-36.815	-43.700	+38846.000
# 16897
b	-6.250	-44.567	+24.855	+85848.000
c	-2.550	+32.655	+5.850	+7419.000
# 16892
b	+12.900	+11.450	+41.495	+4270.000
c	+20.500	+22.255	+11.050	+84368.000
# 16956
a	-18.950	-13.050	-39.935	+11127.000
b	+8.350	+13.150	+26.415	+39932.000
# 17045
a	-10.550	+32.450	-21.215	+1306.000
c	+13.700	+42.535	-2.750	+33535.000
# 17036
c	-4.550	+39.415	+33.750	+32711.000
d	+5.150	-36.815	-32.350	+14802.000
# 17010
a	+9.900	+15.150	-31.095	+51494.000
d	+2.400	-21.735	-9.850	+21251.000
# 17008
c	-15.113	+22.255	-6.612	+91229.000
d	+20.950	-23.295	+7.450	+11552.000
# 17071
a	+3.450	+22.050	-25.895	+437.000
b	-3.500	-19.100	+37.335	+4274.000
# 16991
b	+1.730	-38.410	+24.855	+75480.000
c	-1.750	+21.735	-9.600	+38949.000
# 16980
c	-2.750	+42.015	+21.250	+28413.000
d	+0.290	-30.055	-10.490	+62926.000
# 17054
c	-0.300	+27.455	-8.850	+21072.000
d	-0.650	-20.175	+8.900	+69211.000
# 17059
a	+6.717	+8.883	-20.175	+37511.000
b	-7.290	-9.270	+22.255	+52639.000
# 17022
a	+8.500	+2.250	-27.975	+40187.000
b	-5.720	+1.770	+28.495	+105628.000
# 17141
a	+4.400	-12.150	-26.935	+8409.000
b	-1.650	+5.700	+50.855	+59023.000
# 17149
a	+9.290	+2.270	-23.295	+45447.000
b	-16.000	-3.950	+40.975	+79951.000
# 17226
a	+7.500	+16.100	-25.895	+44383.000
b	-9.450	-29.750	+31.095	+2577.000
# 17266
b	-1.500	-6.150	+20.695	+28252.000
c	+6.650	+43.055	+9.850	+21418.000
# 17191
a	-14.750	+6.050	-30.575	+21210.000
b	+11.917	-1.083	+20.695	+76184.000
# 17323
a	-14.750	+40.050	-22.775	+21118.000
b	+1.150	-21.750	+38.895	+3851.000
# 17256
b	-12.800	-12.450	+45.655	+13808.000
c	+1.583	+32.655	-2.517	+52811.000
# 17300
a	+1.850	-9.150	-32.135	+61315.000
b	-1.250	+7.350	+26.415	+8971.000
# 17288
c	-1.017	+26.935	+28.517	+95646.000
d	+0.150	-38.375	-38.850	+65674.000
# 17363
a	+7.930	+17.890	-25.895	+83215.000
b	-8.350	-5.250	+22.255	+11773.000
# 17351
c	-7.500	+33.175	+32.500	+65413.000
d	+7.050	-28.495	-29.000	+52057.000
# 17462
c	+2.400	+43.055	+45.450	+50975.000
d	-5.150	-21.215	-23.650	+36049.000
# 17433
c	+10.936	+24.335	+5.736	+82941.000
d	-12.283	-23.815	-8.017	+7263.000
# 17508
c	-2.450	+25.895	-0.800	+74003.000
d	+15.950	-47.735	-22.150	+17453.000
# 17500
b	-14.950	-43.250	+20.695	+73464.000
d	-13.150	-40.975	+13.700	+39117.000
# 17523
b	+15.550	+12.800	+29.015	+26013.000
d	-14.325	-23.815	-43.225	+60859.000
# 17580
c	-16.617	+30.055	+21.283	+46821.000
d	+6.150	-22.775	-22.850	+3827.000
# 17622
a	+4.650	-8.350	-26.935	+18358.000
b	-4.950	+8.850	+31.095	+211.000
# 17608
a	-6.650	+29.000	-46.175	+20257.000
b	+4.700	-19.350	+26.415	+68645.000
# 17596
b	-10.150	-28.450	+22.775	+11904.000
d	-18.850	-49.815	-10.500	+57150.000
# 17666
c	+11.100	+31.095	+8.950	+20702.000
d	-9.750	-49.815	-18.950	+10784.000
# 17690
c	+4.850	+35.255	+32.000	+42480.000
d	-4.250	-32.655	-30.450	+2952.000
# 17559
b	-21.733	+3.317	+21.215	+114545.000
d	+2.750	-22.255	+9.250	+19372.000
# 17701
b	+12.750	-6.950	+22.255	+7185.000
d	-1.300	-27.975	-0.050	+26474.000
# 17707
a	+13.350	-13.900	-31.615	+18493.000
d	+6.583	-25.375	-21.717	+22095.000
# 17714
c	+3.050	+42.015	+15.050	+2703.000
d	+6.690	-32.655	-13.570	+52980.000
# 17744
b	-10.650	-2.050	+25.895	+16174.000
d	+4.000	-29.015	-2.650	+41009.000
# 17810
c	-8.750	+23.815	+16.750	+9432.000
d	+11.750	-30.575	-23.950	+1616.000
# 17657
a	-6.275	+12.125	-32.655	+109368.000
b	+6.517	-18.117	+50.335	+53795.000
# 17754
b	+10.275	-22.775	+20.175	+67823.000
d	-10.650	-39.415	+13.600	+28605.000
# 17782
a	-12.550	-3.550	-34.215	+34499.000
b	+10.130	-3.690	+25.375	+46919.000
# 17868
c	-19.317	+25.375	-5.583	+48467.000
d	-7.050	-43.055	+13.500	+4936.000
# 17778
a	+7.950	+12.500	-27.975	+44522.000
b	-12.470	-20.930	+48.255	+109309.000
# 17751
a	-4.610	+6.530	-48.255	+64225.000
b	+1.583	-2.467	+37.335	+66203.000
# 17746
a	-12.650	+18.725	-26.935	+84453.000
b	+12.410	-33.130	+32.135	+47573.000
# 17961
a	-5.017	+32.083	-33.175	+4171.000
d	+16.850	-30.055	-3.900	+3592.000
# 17972
a	+4.850	-13.550	-40.455	+23130.000
b	-9.750	+11.700	+25.375	+3326.000
# 17950
a	-17.650	-10.050	-21.735	+12494.000
b	+13.667	-7.750	+23.295	+90087.000
# 18016
a	-16.500	+44.700	-20.175	+22950.000
b	+12.850	-36.850	+20.175	+10933.000
# 17984
c	-0.900	+42.015	-10.950	+31091.000
d	+0.125	-29.535	+9.650	+81488.000
# 18091
a	-3.750	-12.650	-44.095	+29337.000
c	+5.283	+41.495	+43.967	+92700.000
# 18154
b	-15.750	-3.600	+28.495	+11198.000
c	-9.750	+23.815	+25.600	+20938.000
# 18214
a	-21.800	+7.900	-22.775	+41357.000
b	+17.050	-7.300	+33.695	+6735.000
# 18261
a	-19.650	+0.750	-45.135	+184.000
d	+0.950	-26.935	-7.850	+13850.000
# 18228
a	-3.950	+2.450	-46.695	+16287.000
b	+3.950	-3.700	+32.135	+41636.000
# 18309
a	-19.550	-4.250	-20.695	+901.000
d	-11.350	-29.015	-42.750	+6800.000
# 18220
a	-14.100	-12.583	-20.695	+84720.000
b	+4.950	+8.450	+23.295	+3599.000
# 18256
a	+10.850	+32.375	-37.335	+67383.000
b	-13.100	-36.350	+46.175	+27278.000
# 18322
a	+11.375	+29.150	-23.295	+59594.000
b	-13.450	-34.050	+29.015	+4908.000
# 18279
c	-13.025	+20.175	-11.825	+77071.000
d	+14.817	-23.295	+12.283	+28324.000
# 18317
a	+8.150	+45.500	-33.695	+50293.000
b	-6.050	-33.050	+25.375	+24117.000
# 18281
a	-18.900	+27.050	-39.415	+40770.000
b	-4.750	-20.300	+21.735	+46815.000
# 18337
b	-17.150	-8.950	+34.735	+3933.000
c	+13.100	+31.615	+0.000	+76507.000
# 18430
c	-5.350	+21.735	-6.250	+8699.000
d	+6.050	-20.695	+7.150	+24885.000
# 18399
c	-0.850	+26.935	-13.400	+2967.000
d	+6.883	-22.255	+9.117	+63221.000
# 18319
c	+17.090	+22.255	-0.870	+106562.000
d	-15.400	-23.295	-3.100	+73912.000
# 18369
b	+1.400	+6.950	+23.295	+39024.000
d	-5.417	-20.695	+0.183	+53386.000
# 18411
c	-3.150	+27.455	+6.050	+10986.000
d	+2.450	-30.055	-3.400	+47493.000
# 18318
c	-3.350	+45.135	+18.550	+76939.000
d	+3.000	-36.295	-16.500	+52844.000
# 18407
a	-3.000	+31.650	-24.335	+47063.000
c	-7.300	+22.255	-5.450	+48280.000
# 18357
c	-7.350	+23.815	+13.100	+25256.000
d	+20.690	-45.135	-28.970	+65699.000
# 18510
a	-11.750	+14.250	-21.215	+3791.000
d	-3.850	-24.335	-4.050	+11657.000
# 18500
c	+2.150	+24.335	+5.300	+14258.000
d	-2.850	-24.855	-4.450	+5512.000
# 18512
a	+21.830	+6.730	-22.775	+56431.000
b	-21.250	-5.650	+24.335	+4970.000
# 18551
a	-6.550	-4.550	-27.455	+2944.000
b	+10.350	+11.300	+45.135	+26975.000
# 18555
a	-17.850	+12.000	-21.735	+23764.000
d	-5.650	-30.055	-9.500	+17075.000
# 18449
a	+2.817	-9.683	-45.135	+35346.000
c	+2.870	+30.055	+41.410	+107688.000
# 18549
a	-10.900	+10.200	-35.775	+58576.000
b	+10.900	-11.250	+27.455	+18599.000
# 18469
a	+7.483	+29.317	-25.895	+40610.000
b	-8.250	-37.007	+28.495	+92517.000
# 18627
a	-5.600	-7.700	-28.495	+3652.000
b	+5.117	+8.217	+22.775	+48471.000
# 18611
c	-8.000	+25.375	-4.250	+8227.000
d	-2.200	-30.055	-14.400	+61376.000
# 18522
c	-2.500	+37.335	+4.150	+26730.000
d	+2.600	-32.135	-6.838	+109840.000
# 18656
b	-8.600	+13.050	+27.975	+3989.000
d	+13.750	-45.135	-1.850	+32400.000
# 18650
c	-2.550	+25.375	+7.150	+16977.000
d	+0.817	-50.335	-8.483	+54845.000
# 18643
c	+7.550	+24.855	+4.850	+5895.000
d	-16.500	-45.135	-2.800	+57166.000
# 18541
a	-7.350	+9.450	-23.295	+35876.000
b	+9.364	-12.607	+28.495	+91026.000
# 18558
c	-14.300	+27.975	-1.270	+77837.000
d	+19.000	-43.575	-21.050	+53504.000
# 18637
a	+5.100	+43.250	-47.215	+44864.000
b	-2.030	-22.310	+22.775	+69963.000
# 18624
a	-0.937	+26.312	-44.615	+112231.000
b	+2.183	-24.117	+33.175	+39571.000
# 18671
c	+16.900	+33.175	-3.950	+80595.000
d	-3.050	-24.855	+11.900	+42662.000
# 18655
a	+2.600	+7.800	-26.415	+71464.000
b	+19.300	+1.250	+31.095	+52962.000
# 18705
b	+13.000	-31.450	+22.255	+80158.000
c	-16.017	+20.175	-13.117	+2989.000
# 18780
a	+6.750	+8.150	-45.655	+1576.000
c	+12.925	+33.695	+9.275	+59093.000
# 18649
a	+10.239	+17.306	-32.655	+106607.000
b	-7.383	-9.383	+22.255	+88454.000
# 18788
c	-15.700	+24.335	+6.350	+55699.000
d	-14.950	-22.775	-0.150	+11445.000
# 18837
b	-15.750	-23.650	+21.215	+3863.000
c	-12.450	+25.895	-6.900	+42889.000
# 18879
c	-7.650	+47.215	-5.800	+54527.000
d	+11.300	-30.575	+2.750	+36254.000
# 18880
a	+13.650	-3.250	-35.775	+47039.000
b	-8.400	+0.550	+20.695	+31250.000
# 18839
a	-16.450	+29.700	-34.215	+35934.000
b	+17.700	-32.250	+39.415	+92759.000
# 18931
c	-0.400	+21.735	+14.350	+2807.000
d	-0.083	-25.895	-17.317	+89316.000
# 18997
b	+2.950	-34.850	+21.735	+15911.000
c	+2.850	+24.335	-4.650	+1049.000
# 18979
c	+8.350	+36.815	+9.750	+14339.000
d	-0.750	-27.975	-17.050	+47624.000
# 18980
c	-7.083	+24.855	+9.717	+49724.000
d	+12.817	-45.655	-15.283	+48161.000
# 19091
c	-8.000	+36.295	-0.600	+44441.000
d	+16.450	-39.415	-5.450	+5420.000
# 19135
a	-3.150	-5.350	-27.455	+2249.000
b	+3.700	+5.000	+29.535	+46187.000
# 19127
a	+7.950	+24.400	-22.775	+49295.000
b	-9.650	-36.750	+26.935	+2369.000
# 19154
b	-5.850	-0.150	+26.935	+12495.000
c	-21.750	+26.935	+4.650	+21936.000
# 19193
b	-5.650	+6.150	+20.175	+4851.000
c	+11.750	+20.175	-5.250	+39.000
# 18985
a	+1.710	+1.810	-22.255	+86206.000
b	-0.538	-4.113	+22.255	+109342.000
# 19096
a	+0.450	-2.600	-28.495	+23182.000
c	-3.930	+23.815	+13.590	+113525.000
# 19093
a	-14.200	+30.600	-44.615	+88660.000
b	+8.900	-19.900	+22.255	+77044.000
# 19079
c	-15.150	+32.655	+24.600	+93897.000
d	+19.317	-42.015	-30.183	+38682.000
# 19108
c	-17.250	+32.135	+10.150	+40708.000
d	+19.521	-36.295	-13.207	+83526.000
# 19256
c	-18.250	+49.295	-5.750	+29871.000
d	+11.150	-30.575	+2.650	+20786.000
# 19203
a	-3.700	-4.250	-33.175	+77905.000
b	+3.217	+2.583	+26.415	+32865.000
# 19326
b	+17.050	+3.050	+21.735	+10740.000
c	+16.550	+20.175	+1.050	+2936.000
# 19209
c	+2.825	+35.775	-2.625	+72990.000
d	-17.000	-23.815	+12.100	+35702.000
# 19237
a	+4.883	+6.183	-21.215	+43488.000
b	+14.200	-5.750	+43.575	+58125.000
# 19412
a	-14.450	+39.950	-37.335	+5717.000
b	+12.850	-35.650	+29.535	+12666.000
# 19361
a	-21.300	+38.650	-21.215	+60303.000
b	+19.550	-8.250	+21.215	+10269.000
# 19362
a	-5.117	-2.517	-43.575	+79936.000
b	+2.350	+3.450	+31.095	+198.000
# 19494
b	-11.375	-15.775	+21.215	+33720.000
c	-20.800	+27.455	+6.750	+4153.000
# 19495
c	+0.350	+39.415	-5.550	+24600.000
d	+14.400	-32.655	+6.950	+21869.000
# 19529
c	-13.950	+34.735	+42.150	+3035.000
d	+11.850	-29.535	-35.850	+23521.000
# 19551
b	-3.750	+8.350	+20.695	+21.000
c	-21.250	+26.415	+31.500	+3443.000
# 19472
c	+18.800	+26.415	+23.850	+34899.000
d	-18.325	-25.895	-22.725	+72818.000
# 19343
c	-2.025	+22.255	+9.500	+105284.000
d	+1.590	-25.895	-7.950	+87605.000
# 19535
c	+5.350	+46.175	+11.650	+7295.000
d	-6.000	-26.415	-6.050	+13438.000
# 19628
a	+17.800	+35.750	-26.415	+54949.000
b	+8.950	-13.500	+25.375	+3278.000
# 19670
a	+17.650	-12.550	-35.255	+15128.000
d	+2.350	-25.895	-43.850	+2972.000
# 19620
a	+8.917	-3.683	-21.215	+34125.000
b	-8.600	+4.150	+22.255	+21283.000
# 19674
a	+3.750	-4.150	-20.175	+8430.000
b	-4.750	+5.300	+27.975	+43221.000
# 19657
c	+13.000	+29.015	+9.950	+49602.000
d	-13.000	-22.775	-14.850	+49347.000
# 19633
a	+1.750	+24.300	-26.415	+78853.000
b	-4.650	-14.800	+38.895	+39728.000
# 19745
a	+1.850	+31.850	-24.335	+4134.000
b	-3.275	-39.425	+33.175	+36138.000
# 19695
c	+5.650	+25.375	-0.700	+78301.000
d	-6.850	-39.935	-4.350	+13675.000
# 19799
c	-5.950	+21.735	+27.250	+6136.000
d	-20.800	-20.175	-5.350	+2040.000
# 19789
a	-7.450	+21.050	-31.095	+21265.000
d	-5.450	-27.975	-12.950	+31263.000
# 19797
a	-2.230	-0.430	-20.175	+108974.000
c	-20.850	+23.815	+17.550	+23408.000
# 19879
a	+13.750	+38.250	-21.215	+10892.000
c	+14.150	+27.455	+16.200	+1856.000
# 19779
c	+2.310	+26.415	+0.750	+68387.000
d	-4.370	-48.255	+0.390	+59591.000
# 19815
b	-16.150	-33.350	+29.015	+49156.000
c	+3.290	+25.375	-2.070	+63412.000
# 19858
c	+10.117	+45.655	+13.817	+34486.000
d	-4.700	-24.335	-8.700	+56104.000
