# 12
a	+10.850	+5.250	-33.755	+5600.000
b	-14.750	-8.450	+47.855	+24222.000
# 25
c	+6.350	+27.175	-5.850	+22609.000
d	-10.050	-41.745	+8.750	+8155.000
# 35
a	+3.000	+12.150	-45.505	+12947.000
b	-2.100	-8.450	+30.935	+75668.000
# 40
c	-13.250	+39.865	+3.700	+76350.000
d	+12.325	-36.575	-3.775	+67061.000
# 47
a	-13.150	-11.650	-32.815	+9426.000
b	-11.950	-37.250	+27.175	+21752.000
# 52
b	+10.625	-22.175	+27.175	+66869.000
d	-18.150	-36.575	+11.650	+6913.000
# 80
a	+19.750	+45.850	-25.295	+70287.000
c	-3.050	+37.515	+7.750	+66989.000
# 132
a	-12.650	+3.450	-35.165	+24689.000
b	+13.550	-3.950	+37.985	+51353.000
# 144
b	+19.900	+9.450	+22.475	+17863.000
d	+2.950	-22.005	-18.150	+9942.000
# 153
a	+0.950	+25.750	-23.415	+3035.000
c	-8.800	+39.865	-6.150	+42593.000
# 245
a	+17.850	+35.550	-43.155	+7576.000
c	-17.050	+31.875	+16.450	+4545.000
# 247
b	-9.090	+2.710	+30.465	+43395.000
d	+3.950	-21.065	+7.500	+24014.000
# 255
c	-10.217	+34.225	+17.317	+73305.000
d	+10.700	-36.105	-19.650	+48829.000
# 359
a	+6.850	+15.650	-25.765	+7204.000
c	+12.683	+27.645	-6.217	+60527.000
# 454
c	-7.050	+28.115	+5.850	+8764.000
d	-2.250	-29.995	-8.450	+4671.000
# 462
c	+13.383	+26.235	-3.117	+25571.000
d	-12.250	-23.415	+2.550	+36514.000
# 572
a	+11.650	+32.250	-23.885	+9176.000
d	-21.950	-35.635	-23.100	+23878.000
# 575
a	-4.850	+10.650	-34.695	+4273.000
d	-5.770	-20.125	+10.030	+84749.000
# 603
b	-14.950	+10.250	+26.705	+5211.000
c	-21.950	+36.575	+37.300	+40585.000
# 605
a	-8.750	+13.050	-21.535	+20244.000
b	-12.450	+8.550	+34.695	+30074.000
# 617
b	-3.850	-24.150	+30.935	+8040.000
d	-18.517	-30.465	+6.967	+82987.000
# 677
a	+9.450	+5.850	-31.875	+8020.000
c	+18.850	+29.995	+0.250	+58820.000
# 708
c	-18.250	+40.805	-2.350	+22216.000
d	+20.550	-45.505	-3.150	+19124.000
# 752
a	+2.983	-2.917	-43.155	+43608.000
b	-1.450	+2.450	+28.585	+12258.000
# 848
b	-7.650	-35.900	+28.585	+51614.000
c	-9.550	+36.105	-11.350	+9305.000
# 864
b	+8.450	+7.150	+25.765	+30222.000
c	+5.150	+29.995	+43.550	+7578.000
# 887
a	+1.250	+20.750	-20.595	+38616.000
b	-4.150	-45.250	+42.215	+80285.000
# 923
a	+11.750	-7.850	-36.105	+23791.000
b	-9.217	+5.383	+26.705	+54530.000
# 930
b	-6.217	-14.817	+32.345	+24107.000
c	-16.150	+37.045	+13.900	+43704.000
# 956
b	+2.083	+1.283	+24.825	+58639.000
c	+14.850	+25.295	+6.750	+21003.000
# 962
a	+10.950	+24.950	-23.885	+2954.000
d	+8.350	-26.705	-33.000	+48459.000
# 1006
c	+8.950	+45.035	+39.700	+32745.000
d	-7.450	-39.395	-35.100	+61052.000
# 1072
a	+4.750	-9.050	-29.525	+3147.000
b	-3.850	+11.550	+34.225	+40995.000
# 1082
c	+2.750	+37.515	+23.750	+13328.000
d	-0.450	-25.765	-17.250	+24397.000
# 1086
a	-1.990	-2.970	-20.125	+78233.000
b	+3.200	+5.050	+35.635	+31156.000
# 1110
a	-0.617	+17.517	-47.385	+49425.000
b	-1.250	-11.650	+37.045	+10470.000
# 1111
c	-19.650	+45.035	+2.650	+7897.000
d	+17.750	-21.065	-15.450	+27928.000
# 1119
b	+13.900	+0.250	+29.525	+53312.000
c	+18.650	+23.415	+21.350	+4914.000
# 1146
b	+5.850	-41.550	+21.535	+30883.000
c	-3.450	+22.475	-11.550	+20943.000
# 1154
a	-9.550	-11.550	-20.125	+19350.000
d	-17.800	-32.815	-29.850	+20411.000
# 1165
a	+1.300	-4.050	-20.125	+55449.000
b	+18.550	-4.850	+41.745	+5133.000
# 1198
c	+6.150	+22.475	+4.650	+11347.000
d	-4.750	-21.065	-4.700	+47913.000
# 1228
a	+9.750	+18.950	-45.505	+24634.000
b	+18.950	-16.250	+40.805	+17755.000
# 1245
a	+20.050	+3.150	-36.105	+6299.000
d	+1.350	-27.175	-18.000	+81048.000
# 1272
c	-1.550	+38.925	+21.850	+72820.000
d	+1.650	-42.215	-24.550	+41062.000
# 1347
a	-12.100	+23.950	-22.475	+10865.000
c	-16.917	+20.125	-12.683	+48140.000
# 1395
a	-20.550	+13.650	-32.815	+12000.000
c	-19.450	+23.415	-8.650	+18094.000
# 1397
a	+11.750	+17.050	-31.405	+38985.000
b	-5.750	-22.500	+31.875	+56255.000
# 1417
a	-2.450	-12.550	-21.065	+7977.000
c	-10.400	+25.765	+13.400	+60355.000
# 1424
b	-12.450	-22.500	+42.685	+15468.000
d	-10.190	-21.535	-6.470	+70095.000
# 1428
c	+0.950	+31.405	+13.650	+7903.000
d	-1.800	-44.095	-19.050	+34273.000
# 1469
c	+10.750	+39.865	+18.850	+77702.000
d	-9.600	-36.105	-16.950	+30785.000
# 1475
b	+13.850	-6.775	+32.815	+59079.000
c	+10.200	+45.035	+43.850	+32736.000
# 1480
c	-2.750	+21.065	+13.250	+6002.000
d	+3.800	-25.765	-16.700	+82370.000
# 1518
a	-4.250	+15.850	-24.825	+13483.000
b	+7.450	-27.750	+42.685	+8192.000
# 1537
c	-0.250	+27.175	+30.850	+20532.000
d	-3.450	-37.515	-10.950	+5214.000
# 1567
a	-12.650	+36.900	-47.385	+38912.000
b	+6.750	-19.350	+25.295	+23813.000
# 1595
a	-20.800	+13.900	-22.005	+48439.000
b	+20.283	-13.117	+21.065	+60092.000
# 1704
a	-0.950	+14.250	-22.945	+17419.000
b	+1.750	-25.050	+39.395	+37679.000
# 1735
c	+2.850	+36.575	+8.750	+18352.000
d	-2.200	-28.585	-6.950	+56085.000
# 1737
c	+8.870	+27.645	+4.310	+90935.000
d	+16.650	-23.885	-28.300	+29739.000
# 1805
a	+2.850	+28.500	-20.125	+16100.000
b	-3.650	-33.550	+24.825	+17636.000
# 1869
c	-20.550	+31.875	+15.450	+5539.000
d	-2.050	-21.535	+2.350	+25451.000
# 1899
c	-4.050	+20.125	+16.450	+53030.000
d	+7.250	-38.925	-30.950	+29202.000
# 1917
a	-11.450	-7.750	-37.045	+6638.000
c	+8.350	+42.685	+15.950	+36789.000
# 1953
c	+6.050	+24.825	+5.850	+3064.000
d	-7.850	-31.875	-8.850	+3687.000
# 1965
b	-8.150	-24.650	+34.695	+24165.000
c	+5.350	+28.585	+1.750	+7925.000
# 2053
a	-11.183	-11.917	-20.125	+45766.000
b	-20.350	-18.650	+21.535	+12328.000
# 2067
a	+0.250	+43.500	-29.995	+48662.000
b	-0.050	-38.550	+25.765	+7778.000
# 2080
c	-17.800	+35.165	+33.450	+18553.000
d	+22.050	-44.095	-41.650	+6420.000
# 2104
b	+12.150	+10.250	+21.065	+11261.000
c	+5.750	+39.865	+15.550	+3886.000
# 2105
c	+10.250	+25.765	+24.950	+37481.000
d	-11.900	-21.065	-17.150	+42591.000
# 2126
c	+3.650	+34.225	+5.800	+26595.000
d	-3.350	-29.995	-5.050	+6827.000
# 2259
a	-17.350	+6.350	-46.915	+3216.000
b	+0.400	+2.750	+22.945	+28956.000
# 2342
b	+18.550	+9.250	+27.175	+43440.000
d	-12.950	-30.465	-32.400	+32346.000
# 2464
c	-5.650	+25.765	-7.900	+13504.000
d	+8.950	-42.215	+12.450	+22000.000
# 2470
a	+11.050	+6.850	-36.105	+31983.000
b	-7.750	-4.650	+23.885	+11352.000
# 2485
a	+9.650	-6.950	-20.125	+3653.000
b	-10.283	+7.817	+22.475	+30568.000
# 2489
b	+13.150	+2.800	+20.595	+17934.000
d	-13.950	-36.105	+8.750	+8997.000
# 2496
b	-14.583	+11.317	+22.945	+51158.000
c	-4.350	+24.825	+22.850	+6819.000
# 2500
a	+20.150	+28.450	-35.165	+5095.000
b	-9.850	-13.650	+46.915	+3929.000
# 2547
a	-7.450	+16.250	-43.625	+27810.000
c	-16.850	+20.595	-12.450	+9418.000
# 2578
a	-4.450	-13.450	-36.105	+27335.000
b	+3.950	-10.300	+25.295	+18998.000
# 2652
a	+14.450	-10.150	-26.705	+14160.000
b	-19.650	+13.750	+36.575	+24822.000
# 2660
a	+21.600	+25.450	-23.885	+26916.000
b	-18.200	-21.150	+20.125	+17725.000
# 2728
a	+21.650	+13.650	-36.575	+35858.000
b	-17.950	-11.750	+30.465	+27593.000
# 2750
c	-15.750	+31.875	+5.750	+6948.000
d	+10.250	-35.635	-45.450	+16799.000
# 2821
a	+12.900	+8.750	-20.125	+8838.000
b	-14.350	-8.250	+29.525	+22821.000
# 2906
a	+19.350	+12.050	-41.275	+8412.000
b	-9.400	-5.700	+20.595	+37172.000
# 2908
a	+12.550	+6.050	-25.295	+5467.000
d	+8.150	-29.525	-33.750	+16332.000
# 2916
c	-7.350	+30.465	-5.550	+16678.000
d	+8.650	-24.355	-1.750	+7551.000
# 2951
b	-18.450	-45.250	+24.825	+27402.000
c	+5.283	+22.945	-12.917	+74466.000
# 2953
b	+4.550	-18.050	+47.855	+8289.000
c	+6.250	+22.945	-10.450	+91085.000
# 2956
a	-9.583	+9.983	-37.515	+50036.000
d	-12.700	-34.225	+13.750	+34331.000
# 2985
a	+10.350	+16.050	-21.065	+20125.000
b	+12.000	-9.750	+23.885	+75567.000
# 3023
b	+15.450	+9.850	+22.005	+18808.000
c	+7.750	+32.815	+23.650	+8723.000
# 3040
a	+0.650	+25.250	-20.125	+4402.000
d	-15.900	-29.055	+3.250	+75466.000
# 3041
c	+4.750	+27.645	+36.150	+22821.000
d	-18.600	-22.475	-25.350	+26976.000
# 3053
c	-9.650	+22.945	-1.850	+4712.000
d	+11.517	-27.645	+1.883	+73796.000
# 3142
a	+6.250	-11.750	-28.585	+16080.000
b	-8.517	+13.917	+33.285	+24880.000
# 3166
a	-7.250	-7.350	-26.705	+18837.000
b	+9.600	+9.150	+32.345	+27216.000
# 3216
c	+18.450	+35.165	+25.000	+27631.000
d	-10.717	-20.125	-14.917	+44588.000
# 3220
a	+3.150	+10.300	-31.405	+49367.000
b	-1.950	-9.450	+25.295	+7197.000
# 3259
c	-18.700	+37.515	-5.050	+58035.000
d	+15.350	-30.465	+3.750	+3277.000
# 3269
c	-1.350	+28.115	-7.800	+19359.000
d	-4.550	-29.055	+2.750	+17813.000
# 3306
c	+18.017	+30.465	+8.983	+59987.000
d	-18.950	-32.345	-9.350	+14235.000
# 3366
c	-17.250	+24.825	-8.050	+9431.000
d	+15.150	-22.005	+7.150	+6200.000
# 3386
c	-9.000	+29.525	+1.550	+54289.000
d	+16.500	-20.125	-2.350	+58147.000
# 3454
a	+10.100	+10.050	-26.235	+71937.000
b	-9.350	-13.650	+24.355	+5405.000
# 3456
a	+2.850	-0.950	-33.285	+32467.000
b	-1.150	-4.950	+32.815	+9834.000
# 3465
a	-7.300	+12.050	-24.355	+72910.000
b	-11.050	-15.550	+45.035	+23219.000
# 3475
c	-0.150	+45.975	+20.000	+54209.000
d	-2.450	-26.705	-6.550	+5124.000
# 3537
c	+5.750	+24.825	+14.400	+68722.000
d	-4.950	-20.125	-12.150	+22263.000
# 3563
a	-2.250	+10.950	-26.705	+10805.000
c	+8.450	+42.215	+7.030	+90337.000
# 3606
c	+12.290	+37.985	+24.370	+59497.000
d	-9.000	-28.115	-18.650	+72433.000
# 3639
a	-8.550	+37.550	-40.805	+6957.000
c	-12.750	+24.825	-11.950	+2860.000
# 3660
c	+2.150	+42.685	-2.350	+20540.000
d	-3.250	-41.745	+1.800	+29175.000
# 3726
c	-8.250	+31.405	-3.250	+23115.000
d	+7.800	-30.465	+3.500	+71656.000
# 3761
a	+1.150	-2.650	-35.635	+4788.000
b	-2.750	-4.500	+22.005	+40730.000
# 3767
c	+2.350	+36.105	+18.517	+49812.000
d	-2.717	-30.465	-15.017	+58736.000
# 3773
b	+1.200	-11.650	+43.155	+40699.000
c	-11.750	+35.165	+23.950	+8532.000
# 3840
a	+16.050	+2.650	-36.105	+36588.000
b	-19.700	+4.050	+21.535	+35945.000
# 3884
a	+11.550	+17.550	-45.035	+3510.000
b	+8.017	+6.017	+37.515	+89135.000
# 3908
a	-13.150	-1.650	-28.585	+23292.000
d	+6.950	-29.995	-40.850	+69544.000
# 3977
b	-17.550	-23.350	+45.035	+5916.000
d	-21.000	-31.405	-1.200	+64696.000
# 3984
a	+19.600	+37.650	-27.645	+9924.000
b	-18.050	-36.900	+23.415	+15877.000
# 3988
b	-17.850	+6.450	+33.755	+4382.000
c	+1.500	+30.465	+28.400	+74677.000
# 3991
a	+2.883	+6.283	-23.415	+75943.000
c	+20.450	+30.465	-1.250	+15643.000
# 4011
a	+15.875	-11.975	-21.535	+90939.000
c	-19.350	+25.765	-7.300	+12138.000
# 4111
a	-4.050	+1.550	-29.055	+18796.000
b	+6.350	-2.250	+46.915	+37070.000
# 4124
a	+1.317	-4.517	-36.575	+63068.000
b	-0.750	+3.650	+27.645	+3792.000
# 4138
b	+8.200	-1.650	+40.805	+31554.000
d	+3.750	-21.535	+11.850	+12191.000
# 4162
b	-16.150	-35.150	+36.575	+22587.000
d	+9.650	-29.525	-21.950	+3314.000
# 4180
b	+19.000	-1.950	+23.885	+9160.000
c	+17.617	+22.945	+27.617	+57222.000
# 4189
b	+5.600	-45.550	+20.125	+53543.000
c	-2.750	+23.415	-9.350	+10033.000
# 4200
c	-10.950	+43.155	+10.250	+23393.000
d	+13.850	-22.475	-7.250	+32845.000
# 4314
c	+8.250	+36.575	+20.750	+41086.000
d	-14.550	-44.565	-28.700	+15387.000
# 4344
c	+19.150	+45.035	+45.350	+17187.000
d	-13.350	-31.405	-31.650	+40172.000
# 4366
c	-10.050	+22.005	+9.150	+4215.000
d	+12.917	-23.885	-16.417	+88411.000
# 4372
c	-17.150	+23.415	-5.100	+36291.000
d	+17.950	-38.925	-25.350	+3697.000
# 4401
a	-4.550	+18.200	-30.465	+33194.000
b	+6.383	-25.017	+43.155	+32633.000
# 4459
a	-0.550	-7.250	-22.005	+5041.000
b	+0.650	+9.350	+31.405	+24846.000
# 4482
a	-1.650	+6.850	-24.355	+3533.000
b	+16.250	-7.500	+30.935	+22321.000
# 4531
a	-14.350	-11.250	-29.525	+20528.000
c	+16.250	+27.175	+40.550	+9493.000
# 4627
b	+2.250	-27.650	+30.935	+31667.000
d	+4.550	-40.335	-8.650	+9289.000
# 4633
b	-1.350	+8.200	+30.935	+50832.000
c	+15.850	+23.415	+38.150	+9332.000
# 4684
a	-14.417	-11.817	-45.505	+35730.000
b	+13.850	+10.750	+44.565	+5510.000
# 4694
c	-1.550	+32.345	+13.800	+21248.000
d	+1.450	-23.885	-9.150	+21906.000
# 4704
a	-7.750	+32.800	-40.335	+70978.000
b	+8.510	-35.570	+44.095	+74133.000
# 4722
a	-12.500	-1.750	-24.355	+15421.000
d	+6.450	-23.885	-27.250	+7569.000
# 4786
c	-3.450	+46.445	-12.650	+16041.000
d	+2.583	-26.705	+6.983	+62619.000
# 4815
c	-1.050	+37.045	+44.950	+17396.000
d	-6.017	-22.005	-25.783	+60202.000
# 4846
c	+3.750	+30.935	+36.950	+25498.000
d	-2.850	-23.415	-27.800	+66340.000
# 4847
c	+0.750	+38.455	+21.900	+24053.000
d	-0.450	-41.275	-23.250	+24369.000
# 4872
a	-2.817	-7.983	-20.125	+30981.000
d	+1.350	-20.595	+1.050	+10624.000
# 4898
a	+15.250	+16.800	-27.175	+17905.000
c	-4.950	+23.415	-0.150	+12869.000
# 4902
c	-4.383	+27.175	-9.517	+21810.000
d	+21.450	-22.475	-11.550	+6351.000
# 4917
a	+10.450	-13.650	-37.515	+6974.000
b	-13.850	-6.250	+25.295	+15087.000
# 4937
a	+8.050	+6.150	-21.065	+33140.000
b	-20.800	-0.250	+28.585	+31298.000
# 4942
b	+6.850	+11.150	+26.705	+4621.000
c	-18.900	+22.005	+36.350	+40797.000
# 4976
c	+8.250	+31.405	-13.850	+7858.000
d	-17.450	-33.755	+13.950	+18999.000
# 5005
a	-17.317	+40.217	-46.915	+69592.000
b	+13.150	-30.750	+36.105	+30738.000
# 5026
c	-11.950	+37.515	+14.750	+9320.000
d	+10.450	-22.945	-7.750	+21391.000
# 5061
b	-20.450	+10.650	+24.355	+10254.000
c	+17.350	+34.225	+38.450	+4426.000
# 5087
a	-19.000	+20.450	-32.345	+17130.000
c	-2.490	+31.405	-5.730	+74756.000
# 5091
c	-11.250	+32.815	+37.650	+15837.000
d	+12.300	-34.695	-39.450	+44708.000
# 5096
a	-3.550	-13.150	-28.115	+23673.000
d	+4.250	-22.945	-39.300	+70754.000
# 5097
a	-4.117	+4.417	-20.125	+55606.000
c	-10.250	+42.685	-11.650	+32465.000
# 5098
b	-6.950	-45.150	+45.035	+45846.000
c	+4.850	+28.585	-12.650	+15284.000
# 5127
c	-16.400	+30.465	-12.900	+50253.000
d	-16.750	-26.705	-18.000	+20926.000
# 5140
a	-4.150	-1.050	-22.475	+65430.000
b	+6.950	+2.750	+36.105	+20613.000
# 5146
b	+21.550	+0.300	+20.125	+67982.000
c	+18.050	+21.535	-4.250	+20901.000
# 5147
c	-10.000	+25.765	+22.350	+67147.000
d	+8.050	-21.535	-18.750	+25561.000
# 5169
c	-8.325	+24.825	+8.225	+90483.000
d	+7.575	-22.005	-7.625	+90797.000
# 5208
c	-19.550	+31.875	-13.250	+18691.000
d	+5.450	-36.105	-11.650	+19310.000
# 5218
b	-6.000	+12.600	+36.105	+29327.000
d	+12.000	-23.885	-11.750	+60655.000
# 5258
a	+5.850	+18.450	-39.395	+4669.000
b	-1.630	-11.970	+21.535	+83582.000
# 5293
a	-20.650	+1.150	-36.575	+11677.000
b	+21.417	-0.983	+39.395	+54398.000
# 5301
b	-10.150	-33.650	+26.705	+39092.000
d	-2.300	-25.295	+11.350	+24453.000
# 5321
a	+1.883	+35.817	-44.565	+65047.000
b	-1.150	-20.950	+26.235	+18897.000
# 5332
c	+11.150	+43.625	+8.000	+15404.000
d	-8.250	-30.935	-5.450	+49154.000
# 5365
b	-6.850	-3.950	+21.065	+11748.000
c	+1.100	+21.065	-5.750	+70393.000
# 5370
b	-8.050	-16.650	+21.065	+4735.000
d	+6.250	-28.585	+12.850	+3735.000
# 5377
a	+9.150	-13.350	-31.405	+37950.000
d	-9.450	-44.565	-26.850	+13369.000
# 5397
c	-5.450	+32.345	-5.850	+37658.000
d	+5.283	-31.875	+5.783	+93322.000
# 5413
c	+2.150	+38.455	+33.300	+47542.000
d	-1.350	-22.005	-20.250	+28227.000
# 5476
b	-11.317	-12.417	+26.705	+78381.000
c	-6.150	+31.875	+34.350	+22606.000
# 5503
a	+7.050	-11.400	-22.475	+36993.000
c	-1.750	+30.935	+40.850	+11314.000
# 5523
a	-14.950	+17.250	-29.995	+33852.000
b	+10.100	-21.850	+39.865	+54968.000
# 5570
c	+14.550	+44.565	-10.000	+47441.000
d	-9.350	-29.525	+6.750	+17310.000
# 5660
a	-3.450	+9.150	-26.235	+37655.000
b	+3.750	-7.400	+21.065	+16937.000
# 5702
c	-12.890	+24.355	-5.850	+61215.000
d	+14.083	-27.175	+6.183	+22655.000
# 5747
a	+11.450	+28.725	-29.995	+81702.000
b	-11.050	-27.450	+29.055	+39976.000
# 5784
a	-4.350	-13.450	-20.125	+3683.000
d	+17.850	-37.515	-38.850	+12681.000
# 5792
a	+6.450	+32.850	-26.705	+22227.000
c	-1.950	+26.705	+42.250	+13168.000
# 5810
a	-19.850	-9.050	-42.215	+3123.000
d	-19.950	-22.945	-1.550	+21033.000
# 5861
a	-10.450	+29.650	-40.805	+18431.000
b	+10.750	-27.650	+38.925	+15025.000
# 5895
c	-5.950	+26.235	+0.750	+69761.000
d	+17.883	-39.865	-0.383	+71295.000
# 5929
b	+9.817	+10.750	+41.745	+64947.000
c	+15.700	+25.765	+29.450	+42079.000
# 5930
c	+10.650	+25.765	+33.250	+4132.000
d	-13.250	-29.525	-37.400	+75303.000
# 1
a	-19.990	+2.410	-26.415	+86934.000
d	-12.317	-29.015	+9.883	+62297.000
# 4
a	+20.100	+27.150	-22.255	+33214.000
c	+6.150	+34.735	-13.500	+58587.000
# 8
b	-6.100	+8.650	+20.695	+65303.000
d	-19.850	-31.095	-36.325	+92523.000
# 80
c	-20.050	+26.415	-3.400	+31151.000
d	-14.850	-42.015	-16.850	+49176.000
# 82
c	-10.700	+22.775	+7.600	+78548.000
d	-21.550	-34.735	-24.250	+4940.000
# 238
a	-16.590	-5.910	-21.215	+112053.000
b	+11.550	-31.850	+47.735	+50801.000
# 358
a	-14.750	-6.250	-20.175	+29375.000
d	-13.500	-20.175	-19.050	+50253.000
# 425
c	+2.800	+39.415	+0.850	+77788.000
d	-20.410	-20.175	-12.990	+40080.000
# 439
a	-4.750	-9.750	-27.975	+20840.000
d	-19.050	-20.175	-7.050	+79229.000
# 463
a	-13.000	+4.900	-26.415	+101311.000
d	-20.650	-25.375	+3.250	+9461.000
# 511
a	-19.150	-12.450	-20.175	+87510.000
b	-10.950	-9.150	+30.575	+3606.000
# 573
a	-19.200	-11.350	-36.815	+27543.000
b	-13.130	-10.490	+35.255	+30758.000
# 625
a	-6.750	+1.700	-35.255	+108849.000
d	-6.150	-26.935	+10.250	+4081.000
# 742
a	-17.650	-11.050	-24.855	+64399.000
d	-10.150	-24.855	-27.400	+43422.000
# 766
a	-10.950	+3.250	-21.735	+3624.000
d	-20.850	-20.175	-11.250	+5636.000
# 773
b	-11.050	-7.950	+24.855	+20650.000
d	-11.883	-21.215	-11.900	+98250.000
# 824
a	-16.350	-7.950	-50.335	+6131.000
b	-17.436	-13.650	+20.175	+103159.000
# 861
a	+16.550	-12.650	-36.295	+11792.000
d	-21.950	-31.095	-18.650	+4167.000
# 881
a	-17.550	-13.550	-23.815	+54007.000
b	-8.600	-28.500	+46.695	+58822.000
# 889
b	-16.400	+1.000	+23.295	+36755.000
d	-17.050	-26.415	-13.450	+3570.000
# 896
a	-20.750	+5.950	-24.335	+19697.000
d	-11.375	-31.095	+5.175	+41258.000
# 952
c	-18.550	+29.015	+1.200	+37873.000
d	-15.650	-40.455	-20.050	+13814.000
# 1004
a	+12.550	+12.550	-30.055	+2950.000
d	-15.950	-37.855	-23.275	+53748.000
# 1026
a	-6.550	+6.550	-42.535	+5974.000
b	+8.650	-12.850	+20.175	+3570.000
# 1036
c	-11.583	+24.855	+13.617	+56258.000
d	-21.950	-44.095	-32.050	+64882.000
# 1097
c	-17.950	+42.535	-6.850	+8278.000
d	-15.450	-26.935	-8.600	+34755.000
# 1110
b	-3.750	+9.550	+21.215	+8653.000
d	-13.300	-23.295	+4.550	+36486.000
# 1146
a	-20.710	+13.130	-23.295	+29903.000
d	-13.383	-37.855	+2.917	+24886.000
# 1229
c	-8.350	+30.575	+16.850	+23109.000
d	-19.150	-29.015	-33.750	+16945.000
# 1232
a	-15.750	-5.450	-25.375	+16527.000
b	-19.450	-35.450	+48.255	+14927.000
# 1240
a	+6.300	-0.600	-45.655	+30676.000
b	-19.950	-11.850	+20.695	+31823.000
# 1245
c	+6.950	+31.095	+43.217	+67648.000
d	-16.150	-25.895	-21.010	+90626.000
# 1268
b	-0.500	+8.400	+35.775	+50454.000
c	-19.150	+25.895	+34.850	+4468.000
# 1272
c	-18.483	+26.415	+10.083	+52180.000
d	-16.683	-21.215	-17.217	+63499.000
# 1310
c	-2.550	+31.615	+43.650	+30485.000
d	+7.975	-24.855	+13.850	+70112.000
# 1315
b	-0.950	+13.250	+31.095	+9024.000
c	+14.550	+23.295	+32.250	+42553.000
# 1415
a	-19.783	+28.383	-36.295	+68723.000
d	-16.100	-20.175	-5.250	+81609.000
# 1476
a	-21.350	-12.850	-29.535	+4882.000
b	-3.617	+4.083	+36.295	+68509.000
# 1483
a	-19.970	+29.510	-33.695	+87907.000
d	-14.500	-44.095	+8.050	+27615.000
# 1525
c	-14.450	+27.975	-10.350	+22748.000
d	-17.600	-22.775	-11.200	+74885.000
# 1564
a	+1.483	-13.583	-37.335	+59652.000
d	+6.317	-23.815	-22.683	+74798.000
# 1639
a	-7.650	+30.100	-31.095	+52278.000
d	-21.150	-30.055	-1.800	+52683.000
# 1651
a	+6.700	+4.350	-43.575	+24848.000
d	-12.450	-33.695	+7.750	+2925.000
# 1704
a	-6.150	+29.850	-50.855	+5787.000
d	-15.850	-26.935	+13.850	+37856.000
# 1706
a	-15.600	-3.750	-28.495	+21517.000
b	-19.450	-32.050	+34.215	+28353.000
# 1731
b	-13.750	+4.900	+21.215	+13199.000
d	-8.850	-20.695	+8.850	+11601.000
# 1805
a	+1.850	+37.950	-34.735	+34494.000
d	-18.200	-22.255	-1.650	+37400.000
# 1989
b	+11.650	-43.650	+21.735	+10000.000
d	-18.300	-33.695	-4.150	+12538.000
# 1998
b	-11.975	+12.625	+20.175	+71942.000
d	-21.307	-33.175	-38.964	+114922.000
# 2010
a	-20.700	+8.325	-29.535	+82047.000
d	-8.817	-40.455	+5.833	+56640.000
# 2077
c	-21.410	+23.815	+29.250	+92253.000
d	-16.050	-22.775	-23.750	+17187.000
# 2091
a	-3.700	+42.050	-35.775	+61475.000
d	-20.130	-23.295	-5.090	+78290.000
# 2126
a	-14.250	-1.850	-24.335	+3773.000
c	-13.336	+24.855	-4.764	+92153.000
# 2160
a	-13.283	+12.417	-21.215	+74702.000
d	-19.050	-23.815	-5.950	+4993.000
# 2161
a	-15.050	+20.250	-31.615	+74336.000
d	-17.725	-36.295	+7.025	+108059.000
# 2209
a	-10.425	+14.725	-26.415	+108656.000
d	-20.750	-25.375	-1.650	+17278.000
# 2359
a	+5.850	+10.650	-35.775	+3573.000
c	-2.100	+20.695	-10.950	+63056.000
# 2400
a	-17.150	-2.950	-26.415	+12057.000
d	-16.400	-22.255	+10.900	+49655.000
# 2415
c	+12.250	+32.135	-5.650	+4015.000
d	-15.950	-23.815	-11.450	+42829.000
# 2491
c	-8.450	+25.375	+16.950	+15627.000
d	-20.125	-23.295	-13.925	+73356.000
# 2521
a	+1.500	+30.250	-45.655	+69490.000
d	-20.850	-27.975	+0.550	+5772.000
# 2525
a	-5.700	+34.650	-22.255	+20079.000
d	-21.400	-24.335	-13.050	+48191.000
# 2538
b	-21.600	+7.450	+28.495	+13524.000
d	+1.150	-47.215	-38.850	+12976.000
# 2540
a	-18.950	-10.250	-30.055	+14926.000
b	-10.250	-12.050	+40.455	+67431.000
# 2544
a	+4.450	+31.400	-40.455	+68388.000
d	-20.700	-41.495	-6.100	+64624.000
# 2578
c	-19.917	+21.735	+36.717	+47954.000
d	-21.350	-20.695	-37.250	+4345.000
# 2586
a	-0.650	+4.900	-22.255	+62061.000
c	-13.650	+20.695	-13.750	+23775.000
# 2624
c	-12.083	+39.415	+2.983	+18134.000
d	-17.750	-20.175	-13.700	+41650.000
# 2696
c	-20.400	+20.695	-12.950	+36147.000
d	-13.250	-38.375	-7.050	+3940.000
# 2749
c	-9.050	+20.695	-5.750	+11454.000
d	-21.150	-27.455	-13.650	+50737.000
# 2757
a	-9.000	+38.350	-24.335	+42359.000
d	-20.750	-34.735	-4.850	+24163.000
# 2765
a	-17.200	-4.700	-20.175	+60203.000
b	-17.150	-40.300	+32.655	+99300.000
# 2772
a	-16.775	-1.325	-29.535	+48308.000
b	-17.300	-36.950	+35.775	+39722.000
# 2774
a	-18.150	-1.450	-28.495	+2811.000
d	-16.150	-20.175	+6.700	+54982.000
# 2849
a	-20.250	-8.550	-25.895	+34939.000
b	-6.000	-18.100	+32.655	+54558.000
# 2851
c	-17.800	+23.815	+34.700	+20788.000
d	-15.100	-20.695	-30.750	+20758.000
# 2954
a	-15.033	-1.917	-21.735	+106738.000
d	-9.000	-40.975	+12.850	+25257.000
# 2967
a	-16.050	-8.050	-38.895	+35249.000
b	-17.417	-14.883	+35.255	+90282.000
# 2978
b	+7.500	+7.450	+34.215	+31651.000
d	-15.150	-24.855	-22.550	+3871.000
# 3069
a	-18.750	-9.600	-27.975	+48064.000
b	-12.430	-17.610	+38.375	+68794.000
# 3075
a	+6.950	+22.050	-35.775	+8995.000
d	-21.900	-20.175	-3.200	+36262.000
# 3082
c	+1.650	+42.015	+13.150	+33834.000
d	-20.650	-20.695	-15.350	+45474.000
# 3101
a	-13.150	+14.750	-20.175	+58940.000
d	-19.283	-30.055	-4.517	+23593.000
# 3165
c	-18.500	+44.615	+3.900	+86095.000
d	-16.450	-23.815	-14.450	+3845.000
# 3199
a	-4.750	+2.050	-40.455	+5116.000
d	-7.200	-21.735	+1.150	+20604.000
# 3247
a	-13.883	+32.917	-38.375	+30851.000
d	-19.750	-45.135	+10.900	+27765.000
# 3283
a	-12.150	-0.150	-31.615	+53151.000
d	-22.050	-22.775	+12.350	+32354.000
# 3289
a	-4.050	+1.375	-23.815	+79742.000
d	-13.250	-26.935	+3.350	+27575.000
# 3326
b	+8.700	-44.950	+20.695	+32865.000
d	-8.350	-22.775	-10.150	+31579.000
# 3345
a	-14.750	-7.800	-20.695	+52299.000
d	-7.100	-42.015	-46.050	+31649.000
# 3410
a	-6.883	+32.417	-21.735	+56288.000
d	-12.700	-43.575	-23.450	+10697.000
# 3437
c	-11.050	+37.335	-12.850	+27034.000
d	-8.950	-39.415	-2.000	+26484.000
# 3553
a	-12.590	+21.070	-38.375	+66732.000
d	-19.817	-33.695	+9.283	+53005.000
# 3580
a	-20.950	-4.050	-21.215	+79155.000
d	-8.650	-24.855	+9.950	+17040.000
# 3628
b	-15.017	+12.083	+26.935	+83018.000
d	-15.700	-24.855	-43.450	+29767.000
# 3636
c	-16.650	+22.255	+5.050	+9112.000
d	-16.817	-21.215	-15.883	+22280.000
# 3675
a	-16.325	-12.875	-25.375	+113599.000
b	-10.950	-32.150	+26.415	+20364.000
# 3723
c	+16.150	+23.295	-4.400	+42609.000
d	-7.250	-21.215	-13.250	+16518.000
# 3838
c	-20.150	+35.255	+2.550	+54148.000
d	+3.130	-36.815	-9.010	+111660.000
# 3852
b	-16.150	-8.350	+48.775	+18235.000
d	-16.750	-29.015	-40.050	+4879.000
# 3860
b	-18.950	+10.600	+29.015	+38978.000
d	-15.325	-26.415	-39.550	+71644.000
# 3934
c	-4.050	+30.575	-7.250	+25522.000
d	-12.217	-36.295	-14.083	+63850.000
# 3991
a	-11.250	-1.650	-21.215	+14211.000
b	-21.150	-19.650	+22.255	+16401.000
# 4009
c	-17.394	+39.935	-8.350	+112624.000
d	-16.567	-21.735	-10.883	+70032.000
# 4084
a	-16.600	-13.000	-27.975	+75629.000
b	+8.550	+7.150	+23.295	+3316.000
# 4152
a	+1.050	+32.167	-34.735	+78009.000
d	-21.900	-26.935	-11.150	+34166.000
# 4166
a	-19.500	-12.000	-21.215	+61886.000
d	-6.900	-22.775	-10.650	+21814.000
# 4267
b	-16.125	+13.375	+20.695	+104266.000
d	+6.650	-40.455	-30.650	+23347.000
# 4401
a	-19.725	-0.175	-29.015	+46388.000
b	-3.300	-8.850	+32.135	+41977.000
# 4413
a	-15.230	+1.570	-20.695	+82423.000
d	-19.550	-33.695	+6.600	+52084.000
# 4505
c	-17.750	+22.775	-12.850	+21250.000
d	+1.050	-29.015	-9.950	+41342.000
# 4511
a	-21.783	-8.617	-24.335	+73657.000
b	-1.050	-18.650	+35.255	+28352.000
# 4530
a	-17.250	+31.450	-20.175	+12982.000
d	-17.875	-24.855	-7.125	+75332.000
# 4558
b	+13.150	-0.700	+24.855	+60647.000
d	-17.450	-38.375	-30.200	+51195.000
# 4664
b	+19.750	-42.750	+27.975	+61421.000
d	-16.350	-26.415	+11.750	+41079.000
# 4677
a	-5.783	-12.650	-25.375	+107248.000
b	+3.100	-32.250	+37.335	+38524.000
# 4689
c	-9.050	+40.975	+24.150	+49859.000
d	-19.350	-25.375	-20.650	+16118.000
# 4699
a	-20.290	+6.390	-32.655	+115282.000
d	-9.650	-22.255	-1.450	+21604.000
# 4700
b	-19.950	+1.717	+27.975	+63833.000
d	-20.300	-21.215	-29.250	+35494.000
# 4755
a	-3.300	+9.900	-35.255	+22055.000
d	-20.550	-48.255	+8.250	+20634.000
# 4762
a	-13.200	+30.550	-47.735	+29376.000
d	-21.250	-20.695	-0.750	+20121.000
# 4767
a	-15.250	-11.600	-20.175	+56690.000
b	+19.950	-1.450	+41.495	+3598.000
# 4786
a	-20.000	+29.950	-22.255	+36458.000
d	-13.550	-48.775	-0.950	+72287.000
# 4790
a	-11.850	+35.750	-48.775	+67215.000
d	-19.050	-36.815	-3.600	+33506.000
# 4845
a	+2.950	-8.650	-24.855	+19376.000
d	+0.000	-28.495	-43.300	+54498.000
# 4846
c	-11.875	+29.535	+37.475	+81834.000
d	-18.975	-25.895	-29.575	+83616.000
# 4850
c	-3.850	+34.215	-6.990	+77972.000
d	-21.675	-26.415	-12.313	+94590.000
# 4884
a	-15.250	+18.700	-21.735	+30463.000
d	-19.850	-20.695	-37.450	+70427.000
# 4908
a	-16.450	-12.450	-27.975	+26944.000
b	-18.183	-6.950	+36.815	+82093.000
# 4911
a	-10.600	+32.650	-21.215	+46960.000
d	+9.200	-32.655	-17.550	+50339.000
# 4959
a	-11.800	+3.600	-39.935	+42589.000
b	-16.400	+3.050	+48.775	+26975.000
# 4961
c	+5.450	+36.815	-12.050	+11235.000
d	-20.850	-20.695	-10.650	+11296.000
# 5066
a	-15.550	-0.250	-20.175	+113201.000
d	-19.650	-26.935	+1.950	+39690.000
# 5072
c	-1.250	+49.295	+13.150	+5005.000
d	-19.417	-20.175	-13.917	+52538.000
# 5079
b	-16.550	+7.300	+33.175	+31191.000
d	-3.550	-26.935	-40.450	+5301.000
# 5080
a	-21.030	-9.970	-25.895	+106764.000
b	-5.600	-14.750	+32.655	+27487.000
# 5094
c	-14.800	+46.175	+0.600	+65536.000
d	-17.490	-22.255	-13.710	+44464.000
# 5129
a	-20.250	-7.600	-23.295	+6942.000
b	-7.130	-24.170	+33.695	+99814.000
# 5190
a	-18.750	-3.150	-35.255	+15768.000
b	-14.150	-23.550	+27.455	+14000.000
# 5226
a	+9.650	+37.250	-20.695	+7519.000
c	+0.117	+36.815	-8.917	+33509.000
# 5298
a	-19.600	-10.950	-26.415	+83861.000
b	-12.183	-10.883	+23.295	+22443.000
# 5452
a	-16.850	-7.250	-33.175	+49091.000
d	-11.850	-37.855	-0.850	+14236.000
# 5491
a	-18.500	-6.700	-26.935	+69696.000
b	-11.017	-27.183	+49.815	+43328.000
# 5532
b	+9.450	+4.300	+42.535	+62098.000
c	+4.250	+25.375	+44.050	+28820.000
# 5547
c	-8.050	+22.255	+20.900	+53533.000
d	-22.050	-29.015	-28.950	+5673.000
# 5609
a	+4.450	+10.550	-22.775	+9741.000
c	+4.750	+20.175	-0.650	+11179.000
# 5654
c	-17.350	+30.575	+3.950	+12116.000
d	-16.870	-49.815	-24.870	+92826.000
# 5660
a	-18.983	-5.217	-27.455	+36243.000
b	+0.130	-26.170	+26.415	+70264.000
# 5675
a	-20.400	+5.450	-22.775	+69778.000
d	-14.067	-23.295	-2.167	+112487.000
# 5679
c	-13.800	+24.855	-4.150	+16428.000
d	-18.983	-42.535	-16.517	+14110.000
# 5694
a	-21.750	-11.450	-46.175	+3572.000
b	-12.383	-10.883	+23.815	+51361.000
# 5833
c	-13.550	+28.495	-13.400	+12903.000
d	-19.250	-33.695	-9.050	+5929.000
# 5891
a	-14.700	+3.150	-41.495	+84524.000
d	-19.050	-20.695	+10.500	+36181.000
# 5903
c	-9.450	+42.535	-0.950	+6352.000
d	+15.500	-39.415	-20.350	+45184.000
# 5925
c	-4.550	+21.215	+21.550	+14736.000
d	-14.017	-33.695	-25.683	+80391.000
# 5955
a	-16.450	+10.600	-37.335	+27632.000
d	-14.117	-23.295	-6.483	+35517.000
# 5968
a	-21.400	-9.050	-31.615	+79061.000
b	-5.350	-15.450	+40.455	+14409.000
# 6006
c	-13.850	+30.055	+2.850	+19510.000
d	-19.500	-40.455	-21.350	+44625.000
# 6021
c	-11.950	+22.775	-7.750	+8208.000
d	-18.700	-43.575	-17.650	+28727.000
# 6026
c	-17.330	+22.255	+5.990	+78855.000
d	-17.000	-24.855	-18.950	+63687.000
# 6084
a	-6.850	-6.350	-25.895	+46160.000
b	-20.750	-27.500	+21.735	+22303.000
# 6098
c	-16.850	+29.015	+26.450	+28014.000
d	-16.450	-39.935	-37.150	+33060.000
# 6101
a	-20.483	-8.033	-34.735	+103163.000
b	-9.530	-15.910	+32.655	+89780.000
# 6125
a	-21.150	-13.000	-46.695	+72277.000
b	-11.150	-9.450	+36.295	+45478.000
# 6154
c	-21.850	+34.735	-13.850	+36249.000
d	-14.400	-29.015	-11.550	+50173.000
# 6230
a	-7.150	-10.550	-35.775	+12887.000
d	-2.250	-23.815	-45.850	+18337.000
# 6268
a	-18.000	+29.150	-36.295	+41173.000
d	-12.650	-29.535	+6.650	+41070.000
# 6294
a	-19.450	-5.750	-29.015	+49624.000
b	-12.800	-22.250	+25.895	+78389.000
# 6334
a	-17.100	-8.650	-26.935	+67491.000
b	-18.500	-15.050	+22.255	+68642.000
# 6370
a	-12.150	+39.400	-23.295	+19844.000
d	-15.625	-20.175	-10.125	+71706.000
# 6458
a	-21.350	+15.850	-37.335	+49622.000
d	-15.850	-20.175	-1.750	+15929.000
# 6512
a	-19.550	+8.983	-45.135	+99982.000
b	-14.875	-29.625	+20.695	+64979.000
# 6513
a	-8.850	+30.750	-29.015	+33092.000
d	-21.200	-32.655	-9.850	+53270.000
# 6618
a	-3.200	+19.600	-48.775	+78744.000
d	-21.500	-20.695	+1.000	+58419.000
# 6698
c	-4.550	+26.935	-11.750	+3077.000
d	-21.317	-20.695	-9.700	+103167.000
# 6722
a	-5.083	+46.050	-50.335	+31344.000
d	-19.950	-24.855	-1.650	+44229.000
# 6727
b	-4.250	+11.950	+24.855	+20734.000
d	-15.700	-31.095	-27.950	+63413.000
# 6764
a	-15.350	-9.350	-21.215	+2914.000
d	-3.050	-30.055	-29.050	+22521.000
# 6789
c	+2.350	+23.295	+42.900	+57819.000
d	+10.850	-21.215	-45.150	+3568.000
# 6947
a	-18.717	+15.783	-25.375	+55596.000
d	-15.850	-20.695	-5.550	+3562.000
# 6972
a	-20.550	-6.000	-30.575	+35695.000
b	-6.625	-25.525	+46.175	+84212.000
# 6985
a	-18.300	-11.650	-20.695	+43661.000
b	-9.500	-12.050	+22.775	+21850.000
# 7002
c	+9.150	+20.695	+21.550	+36512.000
d	+13.250	-33.695	-22.150	+21447.000
# 7008
a	-13.850	+17.250	-25.375	+39602.000
d	-17.906	-23.295	-5.306	+128662.000
# 7052
a	-10.950	-10.850	-35.255	+47716.000
d	-12.050	-36.295	+10.850	+22077.000
# 7086
a	-20.817	+1.383	-37.855	+67755.000
b	-10.550	-31.750	+33.175	+38689.000
# 7116
a	+1.650	+22.250	-43.575	+9621.000
b	+21.350	-24.050	+23.295	+5867.000
# 7216
a	-18.775	-1.625	-30.055	+84041.000
b	-14.050	-27.250	+20.695	+37514.000
# 7306
a	-11.417	+26.817	-40.975	+83405.000
d	-21.750	-23.295	+13.250	+3915.000
# 7315
a	-15.650	-11.150	-32.135	+4421.000
b	-19.100	-11.483	+30.055	+80875.000
# 7343
c	-20.183	+33.175	-2.517	+14234.000
d	-15.450	-23.295	-13.650	+76795.000
# 7398
a	-10.170	+5.590	-24.855	+110747.000
d	-21.450	-23.295	+0.700	+47687.000
# 7460
c	-14.910	+27.455	-4.150	+90744.000
d	-17.370	-21.215	-12.590	+87379.000
# 7544
c	-11.233	+34.735	-7.617	+91518.000
d	-21.400	-44.615	-13.800	+66335.000
# 7568
a	+8.300	+21.350	-24.335	+43732.000
d	-19.650	-28.495	-11.950	+5596.000
# 7575
a	-16.683	+13.283	-45.135	+61150.000
c	-14.350	+23.815	+0.550	+3377.000
# 7667
a	-16.150	-12.150	-37.335	+4209.000
d	-18.250	-23.295	-31.650	+27883.000
# 7670
a	-16.750	+5.050	-22.775	+24705.000
d	-20.650	-22.255	-16.750	+8197.000
# 7748
a	-17.100	+32.750	-49.815	+68569.000
d	-16.950	-27.455	+3.650	+32372.000
# 7870
c	-14.750	+47.215	-11.950	+2974.000
d	-17.250	-47.735	-11.400	+37501.000
# 15
a	-11.375	-3.325	-27.455	+70968.000
c	-17.250	+34.735	+14.750	+69146.000
# 52
a	-20.450	+26.250	-35.255	+9571.000
b	-1.950	-14.550	+20.175	+43499.000
# 64
c	-15.350	+45.655	-11.950	+19207.000
d	-11.710	-23.295	-10.830	+99745.000
# 81
a	-12.650	+4.350	-20.695	+6129.000
c	-10.400	+27.455	+8.550	+15560.000
# 88
a	-8.250	-13.750	-33.175	+28002.000
c	-17.450	+24.335	+2.000	+43274.000
# 99
c	-13.800	+27.975	-3.150	+14011.000
d	-13.350	-30.055	-27.250	+11863.000
# 234
a	-5.400	+33.800	-30.575	+27168.000
d	-12.150	-24.335	+12.650	+18573.000
# 255
a	-6.900	-12.950	-24.335	+48881.000
c	-20.150	+31.615	-0.750	+34112.000
# 506
a	-16.800	+0.300	-48.255	+53151.000
c	-12.310	+23.295	+41.710	+93347.000
# 518
a	-12.450	+18.950	-24.335	+46880.000
c	+4.450	+20.695	-7.050	+4682.000
# 662
a	-9.450	+3.250	-20.695	+18690.000
c	-10.350	+49.295	+45.800	+45444.000
# 678
a	-20.800	+12.750	-40.975	+16910.000
b	-5.250	+8.750	+23.815	+40360.000
# 701
a	+1.650	-2.350	-21.735	+12018.000
d	-7.650	-25.375	-35.800	+30366.000
# 710
a	-13.500	+24.167	-33.175	+100253.000
b	-13.970	-14.310	+32.655	+101527.000
# 733
a	-21.050	+2.000	-35.775	+61485.000
c	-4.650	+21.735	+23.350	+36611.000
# 742
a	-14.650	+11.300	-20.695	+19526.000
b	-11.350	+11.350	+46.695	+14310.000
# 768
a	-6.000	-9.350	-38.375	+34873.000
c	-17.500	+28.495	+11.550	+38308.000
# 769
a	-18.750	+22.000	-21.735	+10938.000
c	-12.400	+34.215	+16.450	+14049.000
# 792
a	+16.650	+11.650	-21.735	+3570.000
c	+0.075	+31.095	-9.100	+70642.000
# 806
a	-15.250	+6.750	-24.335	+11856.000
c	-7.090	+29.535	+42.490	+81524.000
# 851
a	-12.950	+1.550	-31.615	+65946.000
c	-16.950	+36.295	+43.250	+23709.000
# 1019
b	+12.650	-0.650	+20.175	+16825.000
c	+10.650	+22.255	+1.050	+3340.000
# 1058
a	-15.036	+11.521	-21.735	+111160.000
b	-6.600	+6.550	+43.055	+67692.000
# 1064
c	-15.750	+43.575	-0.400	+14469.000
d	-11.350	-35.775	-26.350	+25067.000
# 1085
c	-8.417	+50.335	+37.417	+67992.000
d	-16.250	-20.175	-45.050	+25411.000
# 1094
a	-13.150	+30.750	-32.655	+92022.000
b	-14.550	-28.150	+32.135	+3711.000
# 1229
a	-17.290	-5.970	-32.135	+49720.000
c	-10.350	+29.015	+11.550	+46100.000
# 1255
a	-17.850	-11.150	-22.775	+18045.000
c	-14.600	+46.695	+14.250	+42269.000
# 1270
a	-12.150	-2.850	-21.735	+66150.000
c	-17.010	+27.975	+1.490	+62230.000
# 1272
a	-13.350	-6.350	-21.215	+30816.000
c	-14.950	+34.215	+2.150	+102397.000
# 1353
a	+3.550	-3.250	-24.855	+8068.000
d	+13.450	-25.895	-18.150	+38421.000
# 1369
a	-20.250	+0.850	-34.735	+41474.000
d	+2.650	-21.215	+0.150	+27516.000
# 1397
a	-12.400	+17.750	-20.695	+40990.000
b	-20.150	-12.850	+22.255	+4806.000
# 1412
a	-14.350	+13.350	-29.535	+49535.000
b	+18.200	+8.550	+48.775	+70600.000
# 1417
a	-4.150	-13.500	-23.295	+31924.000
c	-20.470	+26.935	-2.730	+105655.000
# 1431
b	-6.650	+6.850	+35.775	+13629.000
c	-10.300	+20.695	+0.650	+47860.000
# 1436
c	-21.650	+32.135	-6.750	+87208.000
d	+2.650	-34.215	-20.450	+6497.000
# 1476
a	-18.133	+9.400	-29.535	+65161.000
b	-20.150	+4.850	+48.255	+2985.000
# 1509
a	-11.750	+15.200	-46.175	+16506.000
b	-16.150	+7.050	+21.215	+17268.000
# 1570
b	+3.300	-15.950	+41.495	+32524.000
c	-2.500	+23.815	+22.450	+37235.000
# 1574
a	-13.950	-1.350	-20.695	+13280.000
c	-12.883	+43.055	+15.117	+58111.000
# 1587
a	-12.233	+16.700	-20.695	+81011.000
b	-21.150	-19.350	+35.775	+41815.000
# 1632
a	-21.950	+22.650	-32.135	+17782.000
b	-0.400	-5.200	+20.695	+54230.000
# 1639
c	-10.050	+30.575	+4.250	+18104.000
d	-21.283	-22.255	+4.883	+43160.000
# 1709
a	-18.300	+5.700	-36.295	+70692.000
c	-7.950	+21.735	+32.150	+34437.000
# 1727
b	-10.500	-5.050	+22.255	+9665.000
c	-20.150	+22.255	-5.150	+7568.000
# 1771
a	-21.825	+1.750	-21.215	+52824.000
c	-2.650	+21.735	+4.450	+71773.000
# 1788
a	-21.950	-11.550	-39.935	+3971.000
c	-16.300	+20.175	-3.950	+14440.000
# 1899
a	-9.650	-12.450	-29.535	+42726.000
c	-15.750	+38.895	+12.450	+32013.000
# 1969
c	-15.817	+21.215	-12.183	+34685.000
d	-5.350	-35.775	-5.050	+40765.000
# 1972
c	-19.850	+22.775	-12.000	+81804.000
d	+10.550	-40.455	-8.750	+25770.000
# 1994
c	-14.300	+24.335	-6.850	+46039.000
d	-21.600	-34.735	-21.750	+39310.000
# 2003
a	-0.750	+4.650	-20.175	+3598.000
b	-1.983	+6.100	+23.815	+91020.000
# 2009
a	+6.300	+17.450	-23.295	+12207.000
c	-10.950	+34.215	+6.550	+9061.000
# 2014
a	-16.050	-4.850	-47.735	+34218.000
b	-12.800	-2.450	+47.735	+55803.000
# 2042
a	-10.650	+35.400	-26.415	+9690.000
d	-15.400	-27.455	+8.750	+69988.000
# 2091
a	+1.600	+39.950	-28.495	+23375.000
c	-15.650	+25.895	+13.350	+21167.000
# 2092
a	-11.050	+22.050	-30.575	+12708.000
b	-21.850	-19.200	+42.015	+65058.000
# 2110
c	-13.650	+27.975	-5.550	+28788.000
d	-14.650	-28.495	-23.450	+41344.000
# 2120
a	-12.200	-7.850	-23.815	+48034.000
c	-11.817	+21.735	-4.183	+68976.000
# 2136
a	-18.500	-4.450	-20.695	+39779.000
c	-2.650	+26.935	+10.350	+14721.000
# 2154
a	-8.617	-2.683	-32.135	+39191.000
c	-18.250	+30.575	+29.150	+3722.000
# 2185
a	-14.500	+5.050	-20.175	+9991.000
c	-8.183	+23.815	+15.917	+43773.000
# 2199
a	-18.633	+10.850	-25.895	+80976.000
b	+1.550	+13.250	+40.975	+16937.000
# 2267
a	-21.450	+16.650	-20.695	+28751.000
b	+5.850	+10.150	+35.255	+21271.000
# 2275
a	+1.675	+44.025	-28.495	+89132.000
b	-11.000	-44.600	+37.855	+34911.000
# 2297
a	-12.350	+18.650	-31.615	+20273.000
b	+11.350	+2.800	+35.775	+76653.000
# 2342
a	-21.383	+6.883	-23.295	+27038.000
c	+15.150	+26.415	+14.350	+39056.000
# 2368
a	-22.050	+4.550	-24.855	+3295.000
c	+4.650	+48.775	+16.650	+22877.000
# 2375
a	-16.750	-0.150	-20.695	+12385.000
c	-11.036	+24.335	+0.679	+90705.000
# 2418
a	-15.250	+19.200	-24.335	+50212.000
d	-14.550	-26.415	+3.450	+9031.000
# 2482
a	-12.321	+11.650	-20.175	+104852.000
b	-19.550	+9.450	+24.855	+74574.000
# 2507
a	-14.750	+1.150	-33.175	+12567.000
c	-10.800	+28.495	+6.550	+60743.000
# 2536
a	-17.750	+2.850	-29.015	+3000.000
c	-4.750	+20.175	+28.850	+17695.000
# 2573
b	-8.850	+13.350	+21.215	+6339.000
c	+0.050	+21.735	+44.950	+53361.000
# 2681
c	-8.950	+38.375	-9.050	+28662.000
d	-17.517	-32.135	-6.017	+54760.000
# 2737
a	-9.800	+22.950	-22.255	+78619.000
c	-21.250	+31.095	-10.550	+13683.000
# 2767
a	-8.650	-4.950	-39.415	+38457.000
c	-17.750	+23.815	+12.850	+9684.000
# 2777
a	-15.836	-12.436	-21.735	+112193.000
c	-12.936	+31.615	-1.307	+86395.000
# 2848
a	-9.100	+23.050	-34.735	+43820.000
b	-21.750	-3.800	+20.695	+24573.000
# 2853
a	-18.250	+7.800	-21.215	+29187.000
c	-2.150	+21.215	+20.450	+36973.000
# 2855
a	-16.750	+27.450	-38.895	+36689.000
b	-8.850	-19.800	+42.535	+47671.000
# 2883
a	-11.150	-10.150	-31.615	+5109.000
c	-17.650	+40.975	+19.250	+26406.000
# 2922
a	-3.450	+33.250	-27.975	+77737.000
d	-6.050	-24.855	+0.550	+20598.000
# 2958
a	-18.950	-3.000	-22.255	+59868.000
b	-12.150	-22.550	+21.735	+8224.000
# 2977
c	-15.650	+23.815	-13.650	+23392.000
d	-9.100	-26.935	-3.150	+39109.000
# 2983
c	-13.650	+27.975	+3.700	+18754.000
d	-14.450	-30.055	-46.150	+9311.000
# 2984
a	-17.100	+29.250	-26.415	+32150.000
d	-14.350	-36.815	+6.150	+6465.000
# 3039
a	-19.050	+31.500	-28.495	+23532.000
b	-1.250	-45.350	+36.295	+3600.000
# 3100
a	-20.850	+28.550	-28.495	+3590.000
b	+14.850	-43.650	+23.815	+4219.000
# 3142
a	-13.000	-2.050	-32.135	+7271.000
c	-20.175	+20.695	+12.525	+51455.000
# 3154
a	-20.000	+19.400	-24.335	+102772.000
b	+1.550	-10.950	+22.775	+44323.000
# 3177
a	-15.450	+0.050	-23.295	+18061.000
c	-10.900	+20.695	+0.600	+94299.000
# 3224
a	-19.450	+4.100	-43.055	+25615.000
b	-4.650	+9.450	+29.015	+26796.000
# 3226
a	-14.450	+25.300	-23.815	+68710.000
b	-1.650	+0.700	+31.095	+13735.000
# 3257
a	-19.683	+20.217	-40.455	+59796.000
b	-9.630	-1.010	+44.095	+68885.000
# 3291
a	-12.550	+21.300	-22.255	+63747.000
b	-17.950	-28.450	+22.255	+25848.000
# 3367
a	-8.050	+1.250	-26.415	+5035.000
c	-20.050	+20.695	+4.500	+14223.000
# 3369
a	-19.250	-1.850	-20.175	+25904.000
c	-4.138	+36.815	+7.688	+98757.000
# 3388
a	-17.150	+13.750	-20.175	+6831.000
b	+14.300	-16.250	+50.855	+50639.000
# 3399
a	-19.550	+21.200	-31.095	+17610.000
b	-16.817	+2.567	+24.335	+88246.000
# 3408
a	-11.950	+23.850	-22.255	+31792.000
d	+4.550	-49.295	-10.500	+67761.000
# 3409
b	+8.750	+0.250	+31.095	+19248.000
c	-17.083	+22.255	-7.883	+43469.000
# 3410
c	-14.300	+22.255	-5.750	+35886.000
d	-8.750	-30.575	-27.050	+10752.000
# 3411
c	-20.150	+22.255	-13.950	+30345.000
d	+4.150	-22.775	-1.900	+92806.000
# 3422
c	-20.870	+21.215	-8.730	+50875.000
d	+8.950	-23.295	-6.750	+6786.000
# 3434
a	-17.150	-9.850	-26.415	+3811.000
c	-4.190	+44.615	-8.030	+69472.000
# 3476
a	-18.517	+33.383	-30.575	+67233.000
b	-4.300	-37.950	+31.095	+67609.000
# 3498
a	-20.750	+24.850	-33.695	+9212.000
c	+9.717	+22.255	-6.983	+81304.000
# 3537
a	-19.200	-10.150	-23.815	+9474.000
c	-10.717	+25.895	-2.217	+28663.000
# 3568
a	-17.550	+19.400	-21.215	+77137.000
b	+0.083	-21.883	+30.055	+34272.000
# 3573
a	-15.000	-2.750	-24.855	+45114.000
c	-20.900	+22.775	-7.750	+24881.000
# 3606
a	-20.250	-8.800	-24.335	+47747.000
c	-6.650	+33.175	+3.550	+58305.000
# 3619
a	-1.364	+15.864	-25.895	+102872.000
c	-19.700	+26.415	+1.950	+21254.000
# 3660
c	-13.017	+37.335	-12.517	+64504.000
d	-4.750	-28.495	-21.650	+79252.000
# 3668
c	-13.225	+25.895	-4.325	+102681.000
d	-11.950	-39.935	-38.050	+3413.000
# 3675
a	-13.500	+9.500	-25.375	+108140.000
b	-18.050	-3.050	+49.815	+5496.000
# 3698
a	-16.500	+18.250	-23.295	+18315.000
b	-1.450	-18.875	+45.135	+37794.000
# 3701
a	-11.650	-5.450	-22.775	+70691.000
c	-15.750	+21.215	-3.983	+67671.000
# 3717
a	-13.125	+10.775	-20.695	+107040.000
b	-14.550	+12.850	+22.255	+8525.000
# 3806
a	-20.950	+7.600	-24.855	+18283.000
c	+10.117	+23.295	+37.117	+63683.000
# 3808
a	+1.225	+1.975	-21.215	+50953.000
b	-10.850	-19.100	+20.175	+31209.000
# 3838
c	-20.150	+49.295	-5.150	+4516.000
d	+11.617	-23.295	-7.017	+22508.000
# 3852
a	-14.350	+9.650	-38.375	+11494.000
b	-13.137	+13.387	+48.255	+77185.000
# 3889
c	-15.790	+38.375	-2.390	+77767.000
d	-11.550	-22.255	-21.183	+77293.000
# 3897
a	-17.850	-5.350	-28.495	+4941.000
c	-15.100	+23.295	-13.350	+7733.000
# 3934
c	-17.750	+26.415	-7.950	+14496.000
d	-6.250	-30.055	-16.150	+7172.000
# 3947
c	-15.350	+34.215	-4.150	+42805.000
d	-10.717	-32.135	-22.883	+28111.000
# 3954
c	-8.850	+33.695	-2.400	+25380.000
d	-21.050	-21.215	-22.250	+22049.000
# 3989
a	+18.300	+1.950	-23.815	+13955.000
c	+7.000	+23.295	-1.050	+79514.000
# 4000
a	-8.850	+40.450	-35.255	+92922.000
b	+1.936	-36.736	+44.615	+96576.000
# 4017
a	-20.050	+14.550	-20.175	+30471.000
b	+12.750	-0.050	+36.295	+21423.000
# 4020
a	-10.650	+41.750	-37.335	+45960.000
d	-10.150	-40.455	+3.750	+67744.000
# 4034
a	-19.050	+10.450	-32.655	+20512.000
b	-6.130	+12.590	+26.415	+90154.000
# 4048
a	-20.900	-9.400	-22.775	+65162.000
c	-7.570	+29.015	-0.570	+98797.000
# 4132
c	-13.550	+25.375	-10.000	+27704.000
d	-0.883	-22.775	+5.583	+63499.000
# 4166
a	-16.400	+9.950	-21.215	+18826.000
b	+13.950	+0.750	+27.975	+13404.000
# 4314
c	-12.650	+39.935	+0.000	+60054.000
d	-22.000	-24.335	-31.050	+63347.000
# 4356
a	-20.150	+21.650	-24.855	+37225.000
c	-2.800	+24.335	-11.250	+61041.000
# 4357
a	-21.300	-9.850	-21.735	+23885.000
c	-8.550	+27.975	-2.450	+31720.000
# 4363
a	-12.883	+0.983	-22.255	+75123.000
c	-19.250	+48.255	+31.650	+56628.000
# 4411
c	-20.750	+22.775	-9.450	+32906.000
d	+8.050	-21.215	-17.150	+19848.000
# 4440
a	-11.600	+28.800	-47.735	+40641.000
b	-14.050	-0.100	+20.175	+80952.000
# 4491
a	-20.450	+14.550	-21.735	+13504.000
b	+12.036	-4.136	+32.135	+105303.000
# 4514
a	-15.600	-0.100	-29.535	+70841.000
c	+3.550	+21.215	+3.750	+23934.000
# 4543
c	-18.483	+32.655	-8.917	+58636.000
d	-6.850	-23.815	-14.000	+15101.000
# 4601
c	-15.150	+39.935	+5.325	+37790.000
d	-11.600	-46.695	-43.750	+52717.000
# 4609
a	-13.975	+21.575	-29.015	+56447.000
b	-14.517	-11.117	+26.415	+66983.000
# 4625
a	-8.550	+15.550	-21.215	+76711.000
c	-16.350	+33.695	-11.550	+8246.000
# 4627
a	-13.450	+20.900	-23.295	+55075.000
b	-11.750	-18.800	+22.255	+28274.000
# 4637
c	-16.850	+40.975	+8.350	+30955.000
d	-9.383	-39.935	-45.117	+73975.000
# 4675
a	-13.850	+14.050	-26.415	+40393.000
b	-13.500	+12.075	+27.975	+67617.000
# 4733
c	-20.050	+29.535	-9.650	+50166.000
d	-1.525	-28.495	-14.300	+110845.000
# 4752
a	-10.950	+8.900	-22.775	+62593.000
c	-4.450	+24.855	-4.650	+7469.000
# 4850
b	-18.250	-2.850	+21.735	+4014.000
c	-5.000	+41.495	-8.250	+90235.000
# 4918
a	-19.750	+25.000	-26.935	+84519.000
b	+10.150	-43.650	+50.855	+9490.000
# 4935
a	-13.150	+25.750	-20.175	+17292.000
b	+13.250	-13.550	+39.415	+12192.000
# 4938
a	-16.150	+10.150	-22.775	+3610.000
c	+20.950	+21.215	+32.000	+39900.000
# 5070
c	-19.950	+25.375	-6.050	+3267.000
d	+3.150	-28.495	-25.250	+9165.000
# 5090
c	-7.650	+31.095	-5.393	+136623.000
d	-21.750	-26.935	-0.450	+15865.000
# 5116
a	+7.150	-9.250	-35.255	+4544.000
d	-4.550	-38.895	-8.050	+16246.000
# 5129
a	-17.550	+15.150	-25.895	+38806.000
b	-3.750	-2.950	+36.295	+25465.000
# 5147
a	-9.350	-1.850	-22.255	+25639.000
c	-17.550	+20.175	-2.850	+11852.000
# 5150
a	-17.000	-7.300	-27.975	+69066.000
c	-16.850	+35.255	+22.600	+52728.000
# 5156
a	-0.025	+4.125	-20.175	+68123.000
c	-12.350	+23.815	+6.150	+16048.000
# 5177
c	+6.950	+26.935	-11.000	+88926.000
d	+2.500	-32.135	-8.550	+21229.000
# 5197
a	-11.750	-6.650	-48.775	+22188.000
c	-20.617	+29.535	+31.017	+66303.000
# 5212
a	-12.300	-4.150	-31.615	+75444.000
c	-21.350	+29.535	+19.150	+13587.000
# 5239
c	-14.100	+32.655	-6.500	+68705.000
d	-7.450	-20.175	-14.350	+15649.000
# 5298
a	-16.750	+10.925	-30.055	+52683.000
b	-8.979	+11.021	+23.295	+111198.000
# 5309
a	-18.150	-9.550	-20.695	+4186.000
b	+6.150	-2.250	+25.375	+8201.000
# 5321
a	-12.883	+32.317	-37.335	+45589.000
b	-15.750	-21.450	+29.535	+12118.000
# 5328
a	-9.310	+12.570	-23.295	+72026.000
b	-4.650	-1.750	+20.175	+38990.000
# 5356
a	-18.350	+4.150	-20.695	+24945.000
c	+7.950	+46.695	+38.650	+30083.000
# 5413
a	-14.750	-1.450	-22.775	+28180.000
c	-12.890	+33.175	+7.690	+87256.000
# 5446
a	-15.550	+13.333	-32.135	+115903.000
b	-11.750	+6.650	+24.335	+5236.000
# 5473
a	-19.450	+15.250	-22.775	+6184.000
b	+8.550	-2.050	+31.615	+38568.000
# 5487
c	-19.550	+29.015	-2.550	+5628.000
d	+0.950	-39.935	+4.200	+81740.000
# 5496
a	-17.850	+15.300	-38.895	+62094.000
c	-13.000	+26.415	+9.750	+48947.000
# 5523
a	-16.550	+15.600	-21.215	+11695.000
b	-4.450	-9.900	+26.935	+54886.000
# 5533
c	-17.450	+31.615	-4.200	+66316.000
d	-1.450	-27.455	-22.300	+16363.000
# 5615
a	-16.550	-1.883	-29.015	+63245.000
c	-9.550	+29.535	+15.900	+72879.000
# 5645
b	+14.350	-40.450	+39.415	+3043.000
d	+0.550	-36.295	-33.950	+3585.000
# 5653
a	+6.750	+24.200	-20.695	+42493.000
c	+4.983	+23.295	-9.683	+32505.000
# 5799
a	-18.450	+27.000	-24.335	+39520.000
b	+2.350	-45.200	+36.815	+32639.000
# 5803
c	-15.117	+36.815	-3.317	+49907.000
d	-16.917	-42.535	+3.817	+61308.000
# 5816
a	-11.350	+6.550	-20.175	+4917.000
c	+8.925	+22.255	+13.425	+89154.000
# 5876
a	+18.950	+32.350	-28.495	+4837.000
d	-21.450	-32.135	-11.950	+30910.000
# 5895
a	-2.050	+18.350	-20.695	+17489.000
d	-18.250	-25.895	-14.900	+83491.000
# 5930
a	-19.650	-0.800	-25.375	+58207.000
c	-7.450	+27.455	+10.300	+30862.000
# 5934
a	-16.850	+7.850	-37.335	+21194.000
c	-18.000	+26.415	+0.450	+58756.000
# 5955
a	-19.350	+32.150	-21.215	+14603.000
d	-4.850	-26.935	+5.000	+30961.000
# 5960
a	+4.450	+34.650	-22.775	+25071.000
c	+10.950	+20.175	-7.500	+30734.000
# 5994
a	+9.700	-10.300	-20.175	+88927.000
c	+14.950	+20.695	+29.950	+24137.000
# 5996
a	-21.400	+3.700	-20.695	+80075.000
c	+20.625	+46.175	+27.700	+89266.000
# 6099
a	-21.150	+3.650	-29.535	+86196.000
b	-9.250	+3.850	+43.575	+52030.000
# 6159
a	-11.800	+26.950	-24.335	+56465.000
b	-14.650	-46.100	+49.815	+33944.000
# 6245
c	-14.800	+33.175	+22.850	+30753.000
d	-21.017	-25.375	-37.917	+73941.000
# 6293
c	-8.950	+46.175	-0.200	+14156.000
d	-18.483	-24.855	-21.183	+38261.000
# 6307
a	+0.350	+44.350	-20.695	+6502.000
b	-9.400	+0.750	+23.815	+45873.000
# 7
a	-11.650	+11.000	-37.335	+19633.000
b	-5.750	-17.350	+31.095	+14818.000
# 14
b	-15.950	-0.150	+27.455	+5787.000
d	+10.000	-46.695	-39.150	+35410.000
# 64
c	-10.650	+50.335	+6.750	+2968.000
d	-6.590	-28.495	+7.970	+89568.000
# 78
c	-7.900	+21.215	+21.700	+79365.000
d	-7.810	-28.495	-1.730	+97815.000
# 99
c	-7.825	+21.215	+20.675	+60842.000
d	-6.750	-24.335	-0.150	+2827.000
# 109
a	-14.250	+14.450	-45.135	+33497.000
b	-5.800	-23.150	+39.935	+42307.000
# 121
c	-17.050	+33.695	+15.550	+37764.000
d	-21.317	-34.215	-16.283	+66106.000
# 197
b	-5.567	-2.517	+33.175	+69764.000
c	+9.650	+24.335	+2.050	+10506.000
# 207
a	-21.170	+13.010	-21.735	+56772.000
b	-16.750	-44.150	+39.415	+30947.000
# 267
a	+0.675	-7.575	-22.775	+85760.000
b	-18.850	-8.550	+47.215	+56375.000
# 318
b	-17.675	+12.800	+22.775	+74799.000
d	+7.450	-37.335	-19.250	+5025.000
# 331
a	-11.800	+42.350	-35.255	+45797.000
b	-6.450	-25.850	+23.815	+20823.000
# 338
a	-0.550	+20.350	-32.135	+5418.000
b	-10.050	-17.100	+20.175	+32262.000
# 343
b	+1.790	-18.790	+27.455	+81691.000
c	+8.917	+24.855	+0.717	+22315.000
# 345
b	-16.100	+0.100	+24.335	+74149.000
d	+10.850	-24.335	-2.950	+23632.000
# 354
a	+4.650	-13.800	-32.135	+58224.000
b	-13.750	-5.450	+26.415	+24385.000
# 356
c	+14.600	+24.855	-1.075	+85547.000
d	-15.650	-20.695	+10.350	+35271.000
# 374
b	-21.750	+12.350	+27.975	+12651.000
d	-2.850	-21.215	-9.250	+2960.000
# 404
c	-17.150	+20.175	+4.800	+17396.000
d	+3.450	-43.055	+11.950	+9466.000
# 442
c	+12.900	+38.895	+3.650	+35224.000
d	+6.850	-21.215	+4.850	+2954.000
# 444
a	+21.783	+19.617	-45.655	+49778.000
b	-15.650	-15.250	+22.255	+38419.000
# 449
b	-9.850	+10.050	+48.775	+21968.000
d	-6.050	-24.855	-30.300	+24500.000
# 488
c	-2.570	+23.295	+16.030	+77903.000
d	-12.767	-37.335	+0.183	+78909.000
# 516
c	+13.250	+42.535	+39.450	+103103.000
d	-22.000	-41.495	-12.750	+39541.000
# 529
b	-12.750	-38.850	+30.055	+21566.000
d	-18.650	-21.735	+10.950	+46037.000
# 530
a	-6.250	+10.950	-23.815	+43246.000
b	-9.650	-28.700	+43.055	+31384.000
# 545
c	+7.017	+21.215	+7.383	+49300.000
d	-14.600	-21.735	+8.700	+90251.000
# 592
b	-4.550	+5.650	+24.855	+8593.000
d	+13.150	-27.975	-14.850	+32161.000
# 603
b	-18.550	-0.750	+26.935	+45423.000
c	-13.800	+47.735	+43.250	+49188.000
# 615
c	-16.830	+20.695	+13.150	+94510.000
d	+0.550	-33.695	+3.850	+29373.000
# 677
b	-11.950	-9.650	+20.695	+23413.000
d	-16.000	-20.695	+7.750	+40746.000
# 680
a	-7.350	+42.850	-29.015	+5679.000
b	-12.650	-21.850	+21.735	+26467.000
# 705
a	-4.700	+7.050	-26.415	+18953.000
b	-11.017	-22.683	+40.975	+44301.000
# 853
b	-4.683	+4.517	+24.335	+51298.000
d	-16.350	-27.455	-18.200	+23915.000
# 880
a	+16.950	-4.750	-37.855	+3847.000
b	+10.683	+4.617	+26.415	+76994.000
# 904
a	+3.250	+2.850	-46.175	+5711.000
d	-15.550	-30.055	-13.250	+18935.000
# 952
c	-9.483	+31.615	+19.983	+39954.000
d	-6.950	-30.575	+1.100	+36397.000
# 966
a	+1.783	+35.650	-40.975	+82645.000
b	-16.350	-43.500	+48.255	+8154.000
# 980
c	+18.550	+33.695	+23.000	+45068.000
d	-21.850	-25.375	+9.150	+17569.000
# 990
c	+7.183	+46.175	+15.517	+59694.000
d	-15.933	-36.295	+1.750	+90735.000
# 1004
c	-9.150	+21.735	+21.375	+33250.000
d	-7.050	-35.775	-4.600	+80399.000
# 1020
b	-12.000	+3.750	+22.255	+82299.000
d	-2.995	-23.295	-9.468	+123402.000
# 1030
b	-6.550	-19.750	+40.455	+15949.000
d	-20.150	-44.095	-32.650	+12094.000
# 1063
b	-16.250	-3.150	+39.415	+3572.000
d	-2.483	-20.175	+13.483	+72350.000
# 1094
a	-6.800	+23.250	-26.415	+44178.000
b	-8.150	-24.250	+25.375	+27689.000
# 1095
c	+7.383	+20.695	+9.583	+73390.000
d	-14.925	-20.175	+7.050	+110607.000
# 1104
b	+2.850	+5.150	+38.895	+3618.000
d	-15.883	-29.535	-2.983	+100104.000
# 1113
a	+6.450	-6.250	-21.735	+6462.000
b	-16.150	-7.450	+27.455	+46942.000
# 1116
a	+3.117	+11.417	-47.215	+50014.000
b	-14.650	-21.950	+46.175	+36779.000
# 1148
a	+19.917	-8.717	-34.735	+47686.000
b	-18.250	-7.700	+23.295	+16060.000
# 1174
c	-18.550	+27.455	+8.750	+11038.000
d	-17.750	-26.415	+2.550	+41704.000
# 1201
b	-6.400	-4.500	+21.215	+88507.000
d	-14.250	-21.735	-46.150	+23213.000
# 1206
c	-3.950	+22.775	+18.300	+42980.000
d	-7.033	-21.735	+5.700	+66464.000
# 1247
c	-4.650	+24.855	+37.900	+17569.000
d	-9.900	-24.855	-6.900	+74917.000
# 1258
b	+14.550	-4.850	+21.735	+9427.000
d	-6.750	-20.175	+3.750	+111588.000
# 1286
c	-17.350	+20.695	+25.950	+14004.000
d	+0.500	-34.215	-7.850	+107893.000
# 1305
b	-5.883	-41.750	+44.615	+41682.000
c	-8.750	+23.815	-7.750	+55634.000
# 1311
a	+11.900	+44.550	-33.695	+51533.000
b	-21.750	-28.650	+45.655	+46894.000
# 1341
b	-7.000	-10.000	+29.015	+93067.000
c	-2.950	+29.535	-10.250	+49021.000
# 1363
b	-18.950	+9.150	+21.735	+88895.000
d	+4.850	-31.095	-9.200	+44314.000
# 1374
b	-0.417	+2.200	+20.695	+41234.000
d	-13.250	-32.655	-3.850	+37506.000
# 1399
c	+7.950	+36.295	+25.150	+3617.000
d	-19.350	-35.775	-6.150	+9151.000
# 1417
c	-2.700	+28.495	+21.150	+10306.000
d	+0.450	-29.015	-2.550	+28998.000
# 1424
c	+14.700	+41.495	+23.100	+13877.000
d	-15.300	-23.295	+3.400	+77195.000
# 1428
c	-6.117	+43.055	+30.217	+50264.000
d	-8.888	-35.775	-3.863	+127730.000
# 1435
b	-6.450	+6.450	+22.255	+11138.000
d	-9.750	-23.295	-7.650	+5439.000
# 1436
c	+8.750	+36.295	+14.550	+10604.000
d	+3.110	-37.855	+1.710	+77298.000
# 1443
c	+6.700	+41.495	+5.350	+65409.000
d	-12.050	-21.735	+8.750	+13194.000
# 1510
b	+14.250	-11.350	+38.895	+2975.000
d	+6.050	-23.295	-18.450	+13372.000
# 1512
c	+2.650	+23.295	+19.650	+48527.000
d	-16.583	-34.215	-1.317	+60350.000
# 1557
b	-8.500	+13.650	+42.535	+27919.000
d	+2.467	-26.935	-43.483	+86746.000
# 1574
c	-6.650	+28.495	+37.700	+45066.000
d	-7.925	-22.775	-3.875	+89346.000
# 1577
c	+7.800	+21.215	+4.900	+37272.000
d	+1.250	-29.015	-28.000	+32185.000
# 1601
a	-8.510	+7.470	-22.775	+70064.000
b	-8.150	-28.950	+48.255	+7833.000
# 1615
a	+11.850	+40.250	-22.255	+2975.000
b	-16.617	-28.383	+20.695	+17927.000
# 1638
c	-16.200	+33.175	+42.350	+58646.000
d	-5.917	-20.175	-2.383	+35916.000
# 1699
a	-17.417	+21.783	-21.735	+90230.000
b	-8.950	-41.650	+37.335	+9973.000
# 1749
b	-16.450	-3.150	+23.295	+35914.000
d	+19.950	-23.815	-40.650	+17052.000
# 1782
b	-2.450	-20.000	+36.815	+45286.000
c	-9.050	+33.695	+0.350	+31005.000
# 1818
c	+1.183	+33.175	+8.817	+29478.000
d	-16.883	-47.735	+7.550	+69968.000
# 1856
a	-14.283	+21.950	-48.775	+76712.000
b	-8.050	-30.700	+46.175	+58041.000
# 1888
a	-0.450	+30.550	-33.175	+3000.000
b	-11.190	-23.230	+23.815	+116611.000
# 1890
b	-13.850	+4.650	+21.215	+42678.000
d	+3.100	-37.335	-21.000	+61453.000
# 1907
c	+16.050	+20.695	-0.950	+84506.000
d	-8.550	-20.695	+8.750	+10045.000
# 1979
b	-2.683	-5.417	+21.215	+80683.000
d	-4.650	-30.575	+12.950	+10083.000
# 2010
a	-18.650	+45.850	-43.055	+13926.000
b	+1.050	-40.736	+27.975	+96646.000
# 2023
a	-13.150	+25.050	-24.855	+31535.000
c	+9.150	+23.295	-4.100	+30712.000
# 2036
c	-0.150	+20.695	+15.950	+8352.000
d	-14.479	-32.655	+0.693	+75417.000
# 2067
a	-7.783	+33.783	-20.695	+48493.000
b	-8.050	-36.350	+26.935	+7811.000
# 2080
c	-18.650	+24.855	+32.400	+35879.000
d	+11.550	-46.175	-28.250	+25609.000
# 2082
b	-15.600	-34.650	+30.575	+66112.000
c	+20.717	+20.175	-12.333	+82770.000
# 2092
a	-3.210	+10.670	-24.855	+94567.000
b	-14.050	-31.350	+48.775	+5411.000
# 2114
c	+0.750	+28.495	+12.100	+82560.000
d	+1.550	-24.855	+9.950	+3589.000
# 2148
b	-6.800	-4.250	+20.695	+52168.000
d	-9.000	-21.735	-37.825	+103214.000
# 2186
b	-12.650	+6.650	+31.615	+20400.000
d	-11.033	-21.215	-1.783	+90930.000
# 2200
b	-21.483	-23.883	+22.255	+71574.000
c	+21.050	+29.535	-9.550	+62916.000
# 2268
b	-20.417	+13.550	+47.215	+86709.000
d	+2.850	-26.415	-26.650	+2992.000
# 2279
c	-4.917	+21.215	+13.217	+72373.000
d	-10.450	-26.935	+5.000	+40561.000
# 2300
a	-3.900	+2.450	-35.255	+70036.000
b	-9.183	-11.383	+21.735	+26607.000
# 2320
a	-10.483	+8.783	-39.935	+27979.000
b	-5.050	-13.400	+29.015	+23836.000
# 2378
b	-21.250	-5.100	+34.735	+62354.000
d	+20.450	-20.695	-45.750	+4630.000
# 2406
b	-5.150	-26.750	+22.775	+5764.000
d	-16.050	-22.255	+12.100	+67471.000
# 2407
c	-13.717	+49.295	+35.683	+23359.000
d	+0.250	-44.095	-12.850	+58716.000
# 2414
b	-22.050	+5.750	+32.135	+30644.000
d	-2.850	-20.695	-6.400	+35371.000
# 2424
c	-5.400	+20.695	-0.150	+20311.000
d	-15.717	-21.215	+0.183	+79500.000
# 2428
b	-4.850	+2.050	+22.255	+11099.000
d	-18.750	-43.575	-42.570	+94371.000
# 2438
c	-14.100	+29.015	+0.800	+84940.000
d	-2.083	-46.695	+10.517	+45242.000
# 2459
a	-10.150	+1.650	-23.295	+11512.000
d	+0.050	-20.695	-12.150	+12004.000
# 2486
b	-21.850	+5.650	+33.175	+7211.000
c	-15.750	+21.735	+40.450	+7383.000
# 2496
b	-22.050	+8.500	+37.335	+49392.000
d	+6.517	-20.175	-15.283	+65925.000
# 2507
b	-6.750	+4.900	+36.295	+28039.000
d	-11.870	-21.215	-23.070	+64968.000
# 2525
c	+5.700	+47.215	-5.550	+36036.000
d	-15.600	-28.495	+5.700	+11068.000
# 2532
b	-19.950	+7.050	+42.015	+50745.000
d	+10.350	-31.095	-45.350	+40818.000
# 2534
b	-3.650	-17.350	+20.695	+3610.000
c	+20.350	+21.215	+8.950	+5434.000
# 2578
b	+2.950	+5.400	+48.775	+34066.000
d	-17.625	-20.175	-27.875	+95971.000
# 2705
b	-12.600	-41.650	+26.935	+63996.000
c	-3.388	+25.375	-10.287	+96691.000
# 2737
a	+3.350	+25.000	-23.815	+26664.000
b	-16.410	-32.830	+32.655	+93516.000
# 2756
b	-5.600	-6.900	+23.815	+51481.000
c	-8.700	+31.615	+4.950	+30378.000
# 2757
c	+3.583	+44.615	+1.183	+68027.000
d	-14.750	-32.655	+9.500	+13048.000
# 2772
a	-7.725	+8.400	-22.775	+88784.000
b	-8.050	-20.700	+30.575	+60901.000
# 2777
b	+2.950	-6.750	+23.815	+44325.000
c	-6.417	+23.295	+22.717	+72691.000
# 2786
c	-12.250	+24.855	+34.750	+19371.000
d	-5.383	-32.135	-10.983	+90444.000
# 2800
c	-9.350	+35.775	-1.100	+85690.000
d	-8.650	-31.615	+13.850	+5670.000
# 2806
c	-2.800	+23.815	+15.950	+48168.000
d	-13.950	-44.615	-3.250	+12877.000
# 2845
b	-14.150	-2.800	+23.295	+11624.000
d	+9.650	-23.295	-35.050	+30258.000
# 2851
b	-9.950	+8.250	+37.855	+37387.000
c	-7.783	+20.175	+40.717	+53014.000
# 2855
a	-11.850	+15.350	-31.615	+36658.000
b	-4.550	-32.450	+50.335	+34365.000
# 2882
b	-7.050	+0.950	+24.335	+12080.000
d	-9.650	-25.895	-24.150	+52368.000
# 2921
c	-11.650	+50.855	+0.600	+41038.000
d	-17.517	-48.775	-7.183	+60502.000
# 2973
c	-7.450	+27.975	+6.150	+92093.000
d	-8.250	-33.175	+10.150	+26173.000
# 2977
c	-10.550	+20.695	+1.850	+64959.000
d	-5.050	-33.175	+12.950	+2974.000
# 3022
c	+5.800	+28.495	+16.550	+92859.000
d	-18.550	-36.295	+1.400	+30774.000
# 3046
b	-0.950	+5.350	+36.815	+38154.000
c	-3.750	+20.695	+34.050	+24492.000
# 3050
a	+12.850	+27.083	-36.295	+67175.000
b	-6.800	-28.900	+24.855	+49027.000
# 3120
a	-2.750	+29.750	-25.375	+103650.000
b	-11.150	-31.600	+28.495	+85559.000
# 3139
b	-8.125	+13.325	+31.615	+108131.000
d	-1.100	-22.255	-11.150	+23062.000
# 3145
c	-5.450	+20.695	+14.350	+23743.000
d	-10.650	-40.455	+1.250	+49203.000
# 3160
b	-5.550	-24.450	+21.215	+29132.000
c	-12.350	+21.215	-9.700	+94023.000
# 3165
c	-9.400	+47.215	+22.750	+72628.000
d	-7.250	-29.535	+2.400	+66749.000
# 3209
a	+5.850	+14.100	-22.255	+59624.000
b	-21.183	-30.817	+38.375	+74350.000
# 3241
a	+12.950	-2.900	-39.415	+68241.000
c	-6.950	+20.695	-10.250	+10298.000
# 3254
b	-16.117	+2.583	+24.335	+62597.000
d	+5.650	-25.375	-18.750	+69254.000
# 3263
a	+0.783	+18.517	-24.335	+45126.000
b	-13.917	-46.117	+46.695	+64101.000
# 3299
b	-16.200	-29.050	+22.775	+28394.000
c	+3.750	+37.335	+5.250	+5499.000
# 3304
c	+5.117	+23.295	+2.317	+75082.000
d	-15.617	-26.415	+11.317	+53266.000
# 3308
c	-20.717	+23.295	+1.983	+63988.000
d	-13.450	-37.335	+11.350	+17571.000
# 3326
b	+18.883	-43.617	+39.415	+72245.000
d	+1.900	-21.215	+8.950	+31714.000
# 3333
a	-5.400	+22.950	-25.375	+55854.000
d	-10.200	-29.015	+8.050	+22917.000
# 3346
b	-6.850	+2.650	+22.775	+18455.000
d	-14.100	-35.775	-24.650	+50761.000
# 3370
b	-0.200	+11.950	+21.735	+69117.000
d	-13.550	-42.535	+9.450	+14949.000
# 3374
c	+6.050	+20.175	-12.200	+9098.000
d	-21.400	-25.375	+6.400	+16949.000
# 3423
a	-18.350	+24.000	-44.615	+39285.000
b	-3.883	-21.583	+30.055	+65656.000
# 3434
c	+5.400	+38.375	+11.750	+64677.000
d	-15.650	-34.735	+5.900	+88188.000
# 3438
c	+5.350	+48.255	+21.350	+9399.000
d	-8.783	-27.975	+1.617	+79322.000
# 3456
a	-5.200	-9.050	-25.375	+55447.000
b	-9.800	-7.450	+27.455	+37671.000
# 3460
b	-21.750	+2.650	+28.495	+37269.000
d	+18.950	-29.535	-31.750	+28406.000
# 3494
a	-12.400	-4.950	-40.455	+33586.000
b	+5.750	-17.950	+21.215	+3143.000
# 3512
b	+21.450	-29.250	+21.735	+27497.000
c	+3.950	+22.775	+10.650	+20065.000
# 3537
b	-2.925	+13.675	+20.695	+79039.000
d	-15.950	-40.455	-11.450	+41931.000
# 3542
b	-2.050	+12.550	+20.175	+9991.000
d	-11.650	-20.695	+0.650	+3000.000
# 3555
a	-20.750	+16.650	-26.935	+5361.000
b	-9.817	-15.250	+24.855	+109118.000
# 3587
a	+1.550	+14.350	-21.735	+3202.000
c	-21.150	+32.135	-6.000	+91053.000
# 3590
b	-12.350	-7.950	+31.095	+32433.000
d	+12.350	-22.775	-8.350	+10848.000
# 3593
c	-10.317	+28.495	+20.617	+57407.000
d	-0.317	-35.775	+2.517	+23153.000
# 3651
c	-14.350	+23.815	+40.150	+3341.000
d	-2.267	-38.895	-20.383	+75935.000
# 3686
b	-10.550	-10.017	+25.375	+25778.000
d	+14.750	-44.615	-39.150	+5819.000
# 3726
c	-18.850	+33.175	+3.700	+27351.000
d	-2.650	-29.015	+10.450	+19464.000
# 3750
a	-11.950	+9.150	-31.615	+16499.000
b	-6.407	-14.679	+23.295	+100114.000
# 3767
c	-6.017	+23.295	+24.083	+56380.000
d	-10.183	-30.575	-2.983	+37588.000
# 3795
c	-20.150	+20.175	+34.650	+26664.000
d	-18.650	-21.215	+8.950	+6604.000
# 3827
c	-16.250	+38.375	+30.250	+12605.000
d	-5.083	-24.855	-0.533	+53478.000
# 3852
a	-8.617	-9.817	-32.135	+62919.000
b	-7.850	-7.450	+21.735	+44344.000
# 3860
b	-9.350	+6.550	+34.735	+22610.000
d	-0.450	-28.495	-21.550	+74224.000
# 3867
c	+18.450	+31.615	+18.050	+4948.000
d	-17.370	-22.255	+4.230	+93302.000
# 3883
b	+17.200	-12.550	+24.855	+31563.000
d	-11.950	-27.975	+7.650	+21785.000
# 3917
a	-8.610	+18.010	-23.295	+87087.000
b	-5.621	-23.879	+26.935	+70206.000
# 3987
b	+14.450	+13.100	+35.255	+47106.000
c	-12.650	+26.415	+12.850	+4134.000
# 4041
a	-8.283	+24.967	-33.695	+129509.000
b	-7.867	-17.483	+20.175	+93092.000
# 4052
c	+7.950	+20.695	+5.750	+2983.000
d	-19.850	-30.055	+10.000	+29503.000
# 4063
c	+7.583	+22.775	+29.783	+72404.000
d	-17.250	-24.855	-7.950	+2958.000
# 4078
b	-11.417	-19.283	+20.695	+34134.000
c	+9.350	+32.135	-13.950	+23191.000
# 4085
b	+3.750	-3.950	+20.695	+21119.000
c	-21.550	+20.695	-9.650	+3675.000
# 4123
c	+1.517	+41.495	+16.717	+69230.000
d	-12.836	-31.615	+3.736	+107387.000
# 4128
b	-13.400	+5.500	+36.815	+12787.000
d	-2.250	-22.255	-22.500	+39010.000
# 4135
a	+19.875	+19.425	-25.375	+81739.000
b	-20.475	-20.225	+23.295	+72291.000
# 4151
a	-1.350	-11.950	-39.935	+17871.000
b	-21.100	-9.250	+44.615	+7362.000
# 4166
b	+0.750	-3.950	+50.855	+11111.000
d	+6.450	-24.335	+9.250	+21854.000
# 4188
c	-2.970	+20.175	+23.230	+58638.000
d	-9.817	-20.175	+2.117	+71684.000
# 4201
a	-11.575	-1.125	-22.255	+83204.000
b	-6.217	-10.783	+21.215	+33172.000
# 4232
c	-5.550	+24.335	+6.050	+2989.000
d	+4.650	-33.175	-2.350	+6481.000
# 4245
c	-9.883	+48.255	+21.317	+55670.000
d	-3.950	-31.615	-30.850	+18398.000
# 4271
c	-4.000	+22.255	+22.750	+90825.000
d	-11.950	-37.855	-6.200	+30416.000
# 4315
a	-7.367	+12.650	-21.735	+104905.000
b	-9.383	-35.083	+47.215	+76283.000
# 4327
b	+7.050	-6.650	+35.775	+8319.000
c	+10.650	+25.375	+44.850	+10122.000
# 4329
c	-21.370	+28.495	+15.390	+86324.000
d	+0.350	-30.055	+3.750	+57347.000
# 4347
c	-5.350	+31.095	+14.650	+17626.000
d	-13.950	-20.695	-3.850	+10532.000
# 4366
c	-10.450	+20.175	+10.850	+4228.000
d	+14.717	-49.295	-20.283	+66432.000
# 4405
a	-15.550	+24.350	-21.215	+3246.000
c	+9.150	+27.455	+13.150	+66850.000
# 4413
a	+12.017	+22.783	-49.815	+56939.000
b	-11.610	-39.070	+32.135	+130313.000
# 4419
a	+6.350	+4.950	-21.215	+3605.000
b	+2.617	-25.983	+22.255	+86976.000
# 1
b	+20.483	-11.317	+30.055	+58092.000
c	+11.650	+26.935	-13.950	+3888.000
# 89
b	+21.450	-6.350	+23.295	+12154.000
c	+18.150	+40.455	-8.650	+21436.000
# 99
c	+16.250	+27.975	+16.750	+2961.000
d	+4.150	-29.535	-29.250	+21297.000
# 107
c	+6.850	+25.375	+8.650	+29452.000
d	-21.017	-43.055	-11.517	+44852.000
# 182
a	-5.350	+20.450	-21.215	+14792.000
c	-8.450	+20.695	-10.650	+13430.000
# 246
a	+8.550	-3.450	-48.255	+25092.000
b	+18.250	+12.050	+33.175	+30654.000
# 247
b	+9.900	+9.750	+29.015	+69807.000
c	-2.950	+22.255	+21.150	+3628.000
# 337
b	+11.000	+12.150	+25.895	+60742.000
c	-9.150	+23.295	+18.250	+5835.000
# 358
a	+21.750	+26.100	-41.495	+51885.000
b	-15.350	+7.100	+22.255	+83815.000
# 410
c	+18.493	+27.975	+11.579	+110012.000
d	+11.850	-23.295	+3.050	+9398.000
# 463
b	+7.950	-8.550	+24.335	+3565.000
c	+20.800	+25.375	-9.450	+7392.000
# 510
a	-4.050	-12.350	-37.855	+10201.000
d	+16.250	-30.055	-22.450	+3564.000
# 534
b	+18.650	+5.150	+20.175	+13711.000
c	-3.600	+24.335	+7.050	+19767.000
# 540
a	+17.725	-12.725	-21.735	+19498.000
c	+20.750	+33.695	+26.450	+17941.000
# 542
c	+20.950	+23.815	+7.250	+5054.000
d	+10.550	-23.815	+10.450	+4576.000
# 593
a	+8.750	-0.450	-20.175	+18771.000
d	+1.183	-20.175	-1.583	+77182.000
# 606
a	+6.750	+22.950	-22.255	+3921.000
b	+17.017	+5.450	+22.775	+32437.000
# 675
c	+15.683	+20.695	+15.767	+137539.000
d	+17.550	-33.695	-19.300	+53653.000
# 677
b	+9.850	+3.200	+21.735	+20489.000
c	+19.983	+22.255	+30.483	+37985.000
# 695
a	-12.350	+40.050	-20.695	+16543.000
c	+0.850	+31.095	+2.350	+6912.000
# 710
a	+16.617	+25.183	-20.695	+37817.000
b	+16.130	-9.670	+38.375	+105621.000
# 766
b	-7.100	-28.850	+24.855	+53092.000
c	+17.050	+20.175	+5.750	+26296.000
# 782
b	+10.650	-44.950	+26.935	+12056.000
d	+3.200	-28.495	+11.650	+38129.000
# 843
b	+17.650	+11.800	+20.175	+26971.000
c	+12.550	+24.335	+17.450	+3573.000
# 918
c	+19.590	+20.175	+7.230	+80247.000
d	+8.750	-29.015	+7.650	+10495.000
# 952
c	+15.050	+35.255	+16.600	+63361.000
d	+16.800	-22.255	-10.250	+13270.000
# 1082
c	+18.150	+32.655	+23.350	+13364.000
d	+14.500	-37.335	-21.850	+70252.000
# 1107
c	+14.750	+23.295	+16.800	+37322.000
d	+19.290	-32.135	-15.110	+103892.000
# 1179
b	+12.300	-18.850	+20.695	+45590.000
c	+17.900	+22.255	+1.350	+63974.000
# 1229
a	+12.650	-13.850	-36.295	+18323.000
d	+10.290	-21.215	-27.930	+70368.000
# 1350
a	+20.850	-13.350	-36.295	+37269.000
b	-5.063	-32.913	+33.175	+119230.000
# 1362
a	-0.450	-6.250	-31.615	+9093.000
d	+6.850	-20.695	-32.250	+12357.000
# 1393
c	+20.300	+26.935	+21.500	+60108.000
d	+2.650	-41.495	-28.450	+21948.000
# 1415
a	-7.983	-12.283	-40.975	+33943.000
c	+15.100	+22.775	-1.500	+52388.000
# 1437
a	-5.650	+0.950	-38.895	+17999.000
b	-4.650	+2.400	+31.095	+45262.000
# 1518
b	+19.650	-5.450	+28.495	+19169.000
c	+12.417	+21.215	-12.517	+84291.000
# 1524
a	+11.950	+17.750	-46.175	+11466.000
b	+16.550	+6.700	+20.695	+42272.000
# 1533
a	-0.150	-9.900	-35.255	+43256.000
b	+9.450	+12.650	+47.735	+18600.000
# 1639
b	+9.750	-20.700	+21.735	+16755.000
c	+21.150	+31.095	-3.310	+65147.000
# 1681
b	+12.300	+11.133	+20.695	+100991.000
c	+18.950	+22.255	+29.250	+3172.000
# 1712
c	-5.750	+46.175	+0.450	+41220.000
d	+22.000	-26.415	+8.250	+66144.000
# 1742
a	+15.150	-4.800	-22.775	+47811.000
b	+11.283	+12.650	+25.375	+83422.000
# 1826
c	+17.650	+28.495	+11.650	+7204.000
d	+12.790	-47.215	-2.490	+57397.000
# 1898
c	+7.850	+27.455	+8.550	+29837.000
d	+17.250	-25.895	-5.000	+35864.000
# 1912
a	+12.800	-12.350	-21.735	+69508.000
c	+19.250	+31.615	+42.600	+63316.000
# 1948
b	+12.150	+12.850	+26.415	+17310.000
c	+6.250	+21.735	+28.100	+25382.000
# 1994
c	+15.650	+23.295	+12.700	+30435.000
d	+15.450	-32.655	-4.750	+64481.000
# 2003
a	-1.550	+14.850	-39.415	+54618.000
b	+20.817	+5.983	+22.255	+57978.000
# 2063
c	+17.650	+27.975	+6.750	+21222.000
d	+10.650	-38.895	+9.550	+6587.000
# 2079
c	-7.550	+20.695	+2.550	+9494.000
d	-18.250	-42.015	-34.600	+22116.000
# 2092
a	+20.550	+24.875	-21.735	+73934.000
b	+10.150	-14.700	+47.735	+29905.000
# 2094
a	-1.850	+3.350	-30.055	+25413.000
b	+17.550	-45.450	+36.295	+44871.000
# 2235
a	+22.000	+23.450	-36.295	+34781.000
b	+13.250	+1.050	+27.975	+19440.000
# 2266
a	-19.550	-11.300	-26.935	+38621.000
c	-7.550	+48.255	+34.250	+30077.000
# 2280
a	-1.050	+15.250	-25.375	+31746.000
c	+3.650	+21.215	+3.850	+22755.000
# 2293
b	+5.150	-5.750	+26.935	+41256.000
c	+19.983	+26.415	-10.283	+81168.000
# 2333
a	-6.825	+13.250	-33.695	+125739.000
b	+9.900	+10.850	+32.135	+21271.000
# 2365
c	+19.900	+32.655	+6.750	+28872.000
d	+10.550	-26.415	+9.700	+44326.000
# 2375
c	+19.800	+24.335	+22.150	+22628.000
d	+8.550	-23.295	-19.000	+48090.000
# 2409
b	+11.983	-21.117	+28.495	+61724.000
c	+18.850	+29.015	-6.650	+9418.000
# 2465
a	+19.600	+6.750	-20.175	+54441.000
b	+9.950	-2.950	+25.895	+12548.000
# 2491
c	+19.650	+22.775	+11.550	+14652.000
d	+9.550	-32.655	+0.550	+3508.000
# 2498
b	-10.750	+1.350	+24.335	+64435.000
c	-1.850	+22.255	+24.050	+6215.000
# 2528
c	-6.450	+25.375	+7.550	+12000.000
d	+8.050	-29.535	+12.350	+10762.000
# 2536
a	+9.770	-6.030	-22.255	+114364.000
b	+21.650	+13.850	+32.135	+34790.000
# 2546
b	-4.850	-45.750	+26.935	+4758.000
c	+14.850	+40.975	+39.450	+26056.000
# 2569
a	+6.450	+12.750	-25.895	+45304.000
b	+21.117	+6.083	+24.335	+34298.000
# 2578
b	+19.250	+11.950	+20.175	+15290.000
c	+12.650	+22.255	+23.150	+46219.000
# 2579
c	+21.850	+20.695	+12.950	+6015.000
d	-7.450	-31.095	-5.650	+64443.000
# 2659
a	-14.575	+24.200	-20.695	+43587.000
c	-6.550	+22.775	-12.850	+6093.000
# 2674
b	-20.117	+12.817	+26.415	+36929.000
c	-2.750	+24.335	+1.350	+20157.000
# 2747
a	-7.950	-5.850	-32.655	+10191.000
d	+1.750	-23.295	-37.100	+49507.000
# 2765
a	+15.750	+44.850	-46.175	+7421.000
b	+19.250	-19.350	+48.775	+9230.000
# 2769
b	+19.500	-37.350	+48.775	+52255.000
c	+14.350	+30.055	-11.650	+27575.000
# 2789
a	+12.450	+38.850	-25.375	+11702.000
c	+13.250	+23.295	-1.650	+12686.000
# 2838
c	+19.250	+21.735	+24.450	+11304.000
d	+8.383	-26.415	-33.100	+60591.000
# 2848
a	+21.850	+22.300	-21.215	+33969.000
b	+10.900	-0.550	+26.935	+87587.000
# 2858
b	+10.450	-29.950	+31.615	+18808.000
c	+17.300	+20.695	+0.250	+16258.000
# 2860
c	+20.500	+29.535	+10.350	+12454.000
d	+4.883	-43.575	+3.817	+88646.000
# 2883
c	+12.133	+41.495	+40.833	+55479.000
d	+21.850	-37.335	-36.450	+27770.000
# 2927
c	+12.700	+20.175	+1.350	+22063.000
d	-16.950	-27.975	+8.500	+31847.000
# 2983
c	+7.450	+26.415	+27.450	+4073.000
d	+15.350	-44.615	-37.050	+9284.000
# 2988
b	+17.950	-28.425	+20.175	+39962.000
c	+15.350	+42.015	-2.650	+10332.000
# 3050
b	+17.150	-12.450	+24.335	+28117.000
c	+14.650	+22.775	-3.250	+53347.000
# 3097
c	+19.650	+32.135	+40.150	+24174.000
d	+6.250	-31.615	-21.350	+2969.000
# 3107
a	+13.690	+11.830	-39.935	+108388.000
b	+18.550	+4.950	+39.935	+28792.000
# 3143
c	+20.150	+21.215	+8.500	+14280.000
d	+2.650	-34.735	+7.150	+44096.000
# 3193
c	+21.400	+20.175	+10.250	+20950.000
d	-9.383	-48.255	-0.517	+11135.000
# 3224
a	+8.550	-1.450	-35.775	+8313.000
b	+18.717	+2.483	+33.175	+44491.000
# 3238
b	+16.150	-7.650	+23.815	+25377.000
c	+11.117	+20.175	+4.117	+63038.000
# 3302
b	+20.150	-5.450	+20.175	+7539.000
c	+4.383	+24.855	-11.583	+64155.000
# 3350
b	+10.850	-9.950	+32.135	+74233.000
c	+21.350	+23.815	-12.850	+9353.000
# 3423
a	+6.475	+37.125	-39.935	+53472.000
b	+19.350	-2.550	+24.855	+35818.000
# 3429
c	+20.225	+22.255	+21.225	+99015.000
d	+6.950	-23.815	-21.150	+27946.000
# 3442
b	+15.783	-17.217	+20.175	+27554.000
c	+16.650	+42.535	-9.250	+50864.000
# 3457
b	+14.850	+12.950	+38.895	+3816.000
c	+6.850	+23.295	+41.850	+42111.000
# 3476
b	+18.750	-5.850	+20.175	+19928.000
c	+11.350	+30.055	-11.850	+36930.000
# 3524
a	+17.100	+23.650	-39.415	+77022.000
b	+15.350	-1.000	+35.255	+52162.000
# 3553
b	+13.000	-17.750	+30.575	+52324.000
c	+21.407	+32.135	-13.293	+63410.000
# 3555
a	+19.150	+20.350	-20.175	+8599.000
b	+14.250	+1.150	+23.815	+33707.000
# 3608
a	+10.200	+7.950	-35.255	+52906.000
b	+18.550	+6.983	+29.015	+47300.000
# 3628
a	+17.483	-7.217	-27.975	+65110.000
c	+18.717	+27.455	+35.483	+42525.000
# 3750
a	+12.150	+24.950	-31.095	+16572.000
b	+18.750	-3.450	+34.735	+4256.000
# 3831
b	-15.750	+10.650	+27.455	+18363.000
d	-21.150	-26.415	-12.250	+19085.000
# 3976
b	+11.350	-24.250	+28.495	+17004.000
c	+15.517	+26.935	-7.517	+71676.000
# 4093
b	+4.750	+13.450	+31.095	+3100.000
c	+0.783	+20.175	+33.817	+77602.000
# 4151
b	-0.350	+10.150	+38.895	+9270.000
c	-5.550	+20.695	+24.050	+24131.000
# 4159
b	-0.183	-18.583	+30.055	+40746.000
c	+16.950	+48.775	-6.300	+49565.000
# 4220
a	+13.536	+28.179	-20.175	+106301.000
b	+17.550	-4.900	+25.895	+22047.000
# 4233
a	+21.550	+25.850	-24.855	+16810.000
c	+14.950	+20.695	-7.950	+8631.000
# 4243
b	+4.383	+13.817	+29.015	+93125.000
c	-2.550	+21.735	+24.850	+5309.000
# 4347
c	+20.050	+39.415	+17.450	+18641.000
d	+2.850	-20.695	-18.900	+83392.000
# 4387
b	+17.150	-30.450	+30.055	+23713.000
c	+15.350	+21.735	+0.600	+27486.000
# 4432
b	+15.650	-29.250	+43.575	+59945.000
c	+16.590	+24.855	-7.390	+44543.000
# 4471
b	+14.950	-14.550	+21.215	+24640.000
c	+16.725	+21.215	+0.150	+75975.000
# 4493
c	+18.450	+27.975	+25.050	+2902.000
d	+11.050	-34.215	-28.550	+17182.000
# 4524
a	+13.100	+19.683	-32.135	+78994.000
b	+17.850	+0.750	+33.175	+6031.000
# 4539
c	+10.650	+42.535	+39.850	+5092.000
d	+21.950	-27.455	-25.550	+38449.000
# 4583
b	-11.750	-27.150	+32.655	+19158.000
c	+16.850	+24.335	+11.450	+25945.000
# 4663
a	-19.350	+13.450	-21.215	+5595.000
b	-13.250	-34.600	+21.215	+19135.000
# 4694
c	+14.900	+30.055	+17.650	+88678.000
d	+18.350	-33.695	-8.600	+120346.000
# 4704
a	-10.250	+14.650	-22.775	+9128.000
b	+21.100	-13.550	+34.735	+25960.000
# 4770
a	-9.450	-3.950	-22.255	+2860.000
d	+21.500	-43.055	-24.800	+63169.000
# 4800
a	+11.750	+29.650	-20.175	+47498.000
b	-5.350	+2.850	+25.895	+44451.000
# 4815
c	+15.250	+32.655	+37.950	+17360.000
d	+12.217	-33.695	-30.417	+70177.000
# 4832
a	+18.250	+40.950	-41.495	+65560.000
b	+15.400	-5.650	+29.015	+48898.000
# 4870
c	+19.950	+46.175	+27.350	+5831.000
d	+10.450	-45.655	-19.250	+20604.000
# 4873
a	+9.150	+20.150	-36.295	+11598.000
b	+19.530	+2.470	+27.975	+103571.000
# 4880
b	+11.150	-33.850	+33.695	+44928.000
c	-11.950	+48.775	-5.750	+30093.000
# 4908
a	+16.917	+4.883	-20.695	+50507.000
b	+13.917	+9.883	+38.895	+38918.000
# 4918
a	-6.150	+27.050	-20.175	+5807.000
c	+9.750	+23.295	-9.050	+27898.000
# 4931
a	+4.850	+23.100	-22.775	+37912.000
b	-4.550	+10.200	+31.615	+40634.000
# 4944
b	+3.550	+11.050	+42.535	+15429.000
d	+21.950	-23.295	-1.650	+36278.000
# 5014
b	+18.850	-8.200	+36.815	+76525.000
c	+13.750	+38.375	-12.550	+3791.000
# 5030
a	+6.250	-10.150	-23.295	+6000.000
d	+5.050	-22.255	-45.300	+30776.000
# 5052
c	+17.550	+20.695	+22.850	+36968.000
d	+12.183	-34.735	-44.517	+28659.000
# 5106
b	-2.250	-5.650	+37.855	+2956.000
c	-15.200	+21.735	+21.550	+14421.000
# 5162
b	+20.250	+4.150	+27.455	+29950.000
c	+4.433	+27.455	+4.517	+110251.000
# 5216
c	+20.750	+37.335	-6.550	+36427.000
d	-2.950	-30.575	+8.150	+2964.000
# 5223
a	+4.321	+13.664	-23.295	+106252.000
b	+18.450	+6.150	+21.735	+20067.000
# 5226
c	+16.550	+22.255	+9.750	+16668.000
d	+13.500	-47.735	+1.050	+35017.000
# 5239
c	+10.150	+42.535	+12.250	+58192.000
d	+19.950	-31.095	+8.350	+20514.000
# 5249
b	+11.850	+10.750	+20.175	+19076.000
c	+16.550	+27.455	+5.650	+24427.000
# 5336
a	+16.950	-12.200	-32.135	+87402.000
b	-3.350	-10.350	+20.695	+3597.000
# 5352
b	+12.150	-20.350	+20.175	+29701.000
c	+18.850	+30.055	-2.450	+56966.000
# 5444
b	-3.950	+12.200	+21.215	+55624.000
c	-13.083	+20.695	+13.517	+32755.000
# 5458
b	+20.139	-9.417	+23.815	+114388.000
c	+12.950	+20.695	-3.400	+39658.000
# 5479
c	+14.350	+27.975	+16.950	+3295.000
d	+18.283	-20.695	-4.483	+58606.000
# 5491
a	+13.025	+16.075	-21.735	+75433.000
b	+17.670	+3.930	+23.295	+91943.000
# 5501
a	-19.050	+43.050	-45.655	+3093.000
b	+17.250	-4.550	+22.775	+5260.000
# 5565
c	+17.850	+21.215	+17.000	+36769.000
d	+8.850	-41.495	-25.750	+34407.000
# 5759
a	+2.250	+30.650	-45.135	+28435.000
b	+10.817	-22.117	+27.975	+46786.000
# 5767
b	+0.650	-9.200	+24.335	+32558.000
d	+3.250	-47.215	+6.550	+10443.000
# 5806
a	+18.417	+1.117	-27.455	+76971.000
b	+15.300	+11.900	+25.895	+32007.000
# 5808
b	-1.250	-8.150	+20.695	+40325.000
c	-8.800	+29.535	-6.450	+20881.000
# 5822
c	+21.950	+42.015	-9.183	+83693.000
d	-7.550	-29.535	+7.150	+3000.000
# 5842
b	+11.950	+13.150	+23.815	+2829.000
c	-9.050	+39.935	+32.450	+13892.000
# 5859
b	+7.350	-14.250	+23.295	+10897.000
c	+0.050	+31.615	+27.500	+20588.000
# 5868
c	+17.050	+22.255	+17.650	+7736.000
d	+13.100	-29.535	-19.450	+110795.000
# 5993
c	+14.650	+33.695	+12.450	+24025.000
d	+17.183	-24.855	+2.117	+23838.000
# 6033
a	-17.350	+0.650	-27.975	+2972.000
c	+18.050	+30.575	+3.050	+29220.000
# 6050
a	+5.083	+33.983	-24.335	+69576.000
b	+21.650	-10.750	+36.815	+2953.000
# 6098
c	+16.225	+37.335	+35.775	+93403.000
d	+16.550	-33.695	-29.950	+34294.000
# 6120
a	+10.550	+24.250	-23.295	+30553.000
b	+2.950	-35.200	+42.535	+25094.000
# 6125
a	+9.683	+5.117	-45.135	+39618.000
b	+20.075	+9.075	+41.495	+81337.000
# 6205
a	+20.850	-5.350	-33.695	+82473.000
c	+18.850	+23.295	+25.200	+39322.000
# 6215
b	+16.425	-14.025	+21.215	+69366.000
c	+15.850	+21.735	+0.300	+33766.000
# 6234
a	+5.250	+4.450	-25.895	+30128.000
b	+20.200	+9.925	+20.695	+43073.000
# 6237
c	+13.483	+33.695	+16.817	+64877.000
d	+21.650	-47.735	-9.933	+111703.000
# 6250
c	+8.950	+23.815	+13.850	+55794.000
d	+11.100	-46.695	-4.400	+69735.000
# 6294
a	+11.850	+17.550	-23.815	+7650.000
b	+17.650	+3.250	+23.295	+3450.000
# 6370
c	+14.250	+20.695	+6.750	+10265.000
d	+21.100	-20.175	+3.850	+69679.000
# 6385
b	+15.250	-38.350	+25.895	+4768.000
d	-5.550	-25.375	+9.150	+21650.000
# 6431
a	-17.690	+29.950	-31.615	+83468.000
c	-20.250	+20.175	+6.750	+11012.000
# 6435
a	+15.383	+42.483	-33.175	+70926.000
c	+2.150	+25.375	-13.850	+3134.000
# 6554
c	+20.717	+31.095	+24.083	+62003.000
d	+18.400	-30.575	-18.350	+21799.000
# 6562
b	+11.100	-15.950	+23.295	+52544.000
d	+10.400	-22.775	+12.450	+12477.000
# 6575
c	+16.950	+33.175	+20.100	+19669.000
d	+17.117	-24.855	-15.883	+61189.000
# 6651
a	+19.700	+11.000	-44.615	+57166.000
b	+13.683	+6.317	+35.255	+27024.000
# 6813
c	+11.750	+46.175	+24.800	+35709.000
d	+20.175	-28.495	-8.325	+63640.000
# 6927
b	-20.550	-36.450	+24.335	+14718.000
c	+19.750	+24.335	+8.567	+90155.000
# 6955
c	+19.430	+26.415	+22.250	+93008.000
d	+12.100	-24.335	-19.650	+84894.000
# 6967
a	-2.850	+33.450	-29.015	+21924.000
b	+17.210	-13.510	+31.095	+53939.000
# 7068
c	+19.600	+23.815	+13.950	+20556.000
d	+5.150	-23.295	-40.000	+40138.000
# 7086
a	+10.700	+25.450	-29.535	+71220.000
b	+21.750	-10.650	+47.735	+38701.000
# 7136
c	+16.150	+22.775	+9.750	+61237.000
d	+13.600	-21.735	+5.600	+37049.000
# 7182
a	+17.100	+31.150	-49.295	+40607.000
b	+19.000	-6.950	+43.575	+49567.000
# 7203
a	+0.317	+12.217	-38.375	+45563.000
b	+21.650	+6.700	+25.895	+29437.000
# 7218
a	-5.750	+24.700	-22.775	+41781.000
c	+14.050	+24.855	-11.650	+14401.000
# 7261
b	+18.300	-38.850	+46.695	+29806.000
c	+15.225	+24.855	-5.650	+110060.000
# 7315
a	+18.050	+7.850	-25.375	+4383.000
b	+14.617	+7.517	+35.255	+26474.000
# 7325
b	+6.550	+5.750	+21.215	+23409.000
d	-11.150	-23.295	+6.550	+21302.000
# 7347
b	+16.250	-34.750	+33.175	+3355.000
c	+10.250	+21.215	+1.550	+94844.000
# 7364
b	+2.530	-31.390	+46.175	+94982.000
c	+18.150	+33.175	-6.350	+46055.000
# 7416
a	+15.300	+23.650	-35.775	+15711.000
c	+19.717	+24.855	+15.583	+38369.000
# 7542
b	+13.050	-26.750	+20.175	+4502.000
c	+15.550	+29.535	-0.050	+46191.000
# 7558
c	+7.450	+40.975	-4.500	+39795.000
d	-3.950	-46.695	+9.750	+59450.000
# 7612
a	+7.350	+3.000	-36.295	+94881.000
b	+18.750	+10.650	+21.215	+34007.000
# 7618
a	+5.050	+43.300	-43.575	+40469.000
c	+12.550	+21.735	-11.050	+3730.000
# 7702
b	-10.817	-0.517	+33.695	+37049.000
c	+0.550	+20.695	+21.150	+9137.000
